> abd-A
0.152777777777778 0.138888888888889 0.0555555555555556 0.0 0.888888888888889 1.0 0.0555555555555556 0.0 0.833333333333333 0.208333333333333 
0.263888888888889 0.25 0.166666666666667 0.0 0.0 0.0 0.0 0.0 0.0555555555555556 0.486111111111111 
0.152777777777778 0.138888888888889 0.0 0.0 0.0 0.0 0.0 0.333333333333333 0.111111111111111 0.152777777777778 
0.430555555555556 0.472222222222222 0.777777777777778 1.0 0.111111111111111 0.0 0.944444444444444 0.666666666666667 0.0 0.152777777777778 

> Abd-B
1 6 1 0 5 21 0 3 13 4 
5 1 0 0 0 0 3 0 0 6 
12 2 0 0 0 0 0 11 5 4 
3 12 20 21 16 0 18 7 3 5 

> Achi
0.358695652173913 0.173913043478261 0.260869565217391 0.0 0.0 1.0 0.0 1.0 0.195652173913043 0.16304347826087 
0.141304347826087 0.130434782608696 0.173913043478261 0.0 0.0 0.0 0.956521739130435 0.0 0.0652173913043478 0.467391304347826 
0.315217391304348 0.0434782608695652 0.0434782608695652 0.0 1.0 0.0 0.0 0.0 0.58695652173913 0.25 
0.184782608695652 0.652173913043478 0.521739130434783 1.0 0.0 0.0 0.0434782608695652 0.0 0.152173913043478 0.119565217391304 

> Al
0.1375 0.15 0.1625 0.0 1.0 1.0 0.0 0.0 0.85 0.9 
0.2375 0.25 0.6125 0.0 0.0 0.0 0.0 0.0 0.0 0.0 
0.3375 0.4 0.0625 0.0 0.0 0.0 0.0 0.0 0.15 0.1 
0.2875 0.2 0.1625 1.0 0.0 0.0 1.0 1.0 0.0 0.0 

> Antp
2 1 1 0 16 16 0 0 15 4 
3 5 1 0 0 0 0 0 0 4 
5 2 0 0 0 0 0 9 1 4 
6 8 14 16 0 0 16 7 0 4 

> ap
0.157894736842105 0.263157894736842 0.105263157894737 0.0526315789473684 1.0 1.0 0.0 0.0 0.842105263157895 0.276315789473684 
0.368421052631579 0.210526315789474 0.526315789473684 0.0 0.0 0.0 0.0 0.0 0.0 0.118421052631579 
0.263157894736842 0.473684210526316 0.0 0.0 0.0 0.0 0.0 0.315789473684211 0.157894736842105 0.434210526315789 
0.210526315789474 0.0526315789473684 0.368421052631579 0.947368421052632 0.0 0.0 1.0 0.684210526315789 0.0 0.171052631578947 

> ara
12 16 24 14 23 34 0 34 8 8 
5 7 1 0 0 0 34 0 8 8 
10 6 1 5 0 0 0 0 8 8 
7 5 8 15 11 0 0 0 8 8 

> Awh
0.3625 0.20625 0.075 0.025 0.825 1.0 0.0 0.0 0.85 0.1875 
0.2875 0.25625 0.4 0.0 0.0 0.0 0.0 0.0 0.0 0.2625 
0.1125 0.23125 0.0 0.0 0.175 0.0 0.025 0.2 0.1 0.3375 
0.2375 0.30625 0.525 0.975 0.0 0.0 0.975 0.8 0.05 0.2125 

> bap
7 1 0 0 23 23 0 1 7 3 
4 9 0 0 0 0 0 0 0 8 
4 5 1 0 0 0 23 0 16 9 
8 8 22 23 0 0 0 22 0 3 

> bcd
0.136363636363636 0.0454545454545455 0.136363636363636 0.0 0.909090909090909 1.0 0.0 0.0 0.0 0.261363636363636 
0.136363636363636 0.272727272727273 0.227272727272727 0.0 0.0 0.0 0.0 1.0 0.954545454545455 0.306818181818182 
0.409090909090909 0.454545454545455 0.136363636363636 0.0 0.0 0.0 0.0454545454545455 0.0 0.0 0.306818181818182 
0.318181818181818 0.227272727272727 0.5 1.0 0.0909090909090909 0.0 0.954545454545455 0.0 0.0454545454545455 0.125 

> BH1
0.25 0.0476190476190476 0.19047619047619 0.0 1.0 1.0 0.380952380952381 0.0476190476190476 0.0476190476190476 0.333333333333333 
0.154761904761905 0.238095238095238 0.19047619047619 0.0 0.0 0.0 0.0 0.333333333333333 0.0 0.142857142857143 
0.202380952380952 0.571428571428571 0.0 0.0 0.0 0.0 0.0 0.0 0.952380952380952 0.380952380952381 
0.392857142857143 0.142857142857143 0.619047619047619 1.0 0.0 0.0 0.619047619047619 0.619047619047619 0.0 0.142857142857143 

> BH2
0.25 0.0952380952380952 0.285714285714286 0.0 1.0 1.0 0.238095238095238 0.142857142857143 0.0 0.238095238095238 
0.25 0.333333333333333 0.0952380952380952 0.0 0.0 0.0 0.0 0.0476190476190476 0.0 0.19047619047619 
0.25 0.333333333333333 0.0476190476190476 0.0 0.0 0.0 0.0 0.0952380952380952 1.0 0.523809523809524 
0.25 0.238095238095238 0.571428571428571 1.0 0.0 0.0 0.761904761904762 0.714285714285714 0.0 0.0476190476190476 

> Bsh
0.25 0.1875 0.0625 0.0 1.0 1.0 0.0 0.0 0.4375 0.1875 
0.25 0.3125 0.1875 0.0 0.0 0.0 0.0625 0.1875 0.0 0.1875 
0.25 0.0625 0.125 0.0 0.0 0.0 0.0 0.375 0.5625 0.5625 
0.25 0.4375 0.625 1.0 0.0 0.0 0.9375 0.4375 0.0 0.0625 

> Btn
0.315217391304348 0.173913043478261 0.217391304347826 0.0 0.956521739130435 1.0 0.0 0.0 0.826086956521739 0.239130434782609 
0.315217391304348 0.391304347826087 0.0434782608695652 0.0 0.0 0.0 0.0434782608695652 0.0 0.0 0.41304347826087 
0.184782608695652 0.217391304347826 0.173913043478261 0.0 0.0434782608695652 0.0 0.0 0.652173913043478 0.130434782608696 0.195652173913043 
0.184782608695652 0.217391304347826 0.565217391304348 1.0 0.0 0.0 0.956521739130435 0.347826086956522 0.0434782608695652 0.152173913043478 

> C15
0.315789473684211 0.105263157894737 0.0526315789473684 0.0 0.894736842105263 1.0 0.315789473684211 0.0 0.526315789473684 0.197368421052632 
0.315789473684211 0.210526315789474 0.0526315789473684 0.0 0.0 0.0 0.105263157894737 0.157894736842105 0.0 0.197368421052632 
0.157894736842105 0.421052631578947 0.0 0.0 0.0 0.0 0.0 0.315789473684211 0.473684210526316 0.513157894736842 
0.210526315789474 0.263157894736842 0.894736842105263 1.0 0.105263157894737 0.0 0.578947368421053 0.526315789473684 0.0 0.0921052631578947 

> cad
0.263157894736842 0.315789473684211 0.0789473684210526 0.105263157894737 0.315789473684211 1.0 0.0 0.105263157894737 0.578947368421053 0.144736842105263 
0.289473684210526 0.157894736842105 0.0789473684210526 0.0 0.0 0.0 0.0 0.0 0.0 0.328947368421053 
0.131578947368421 0.105263157894737 0.0789473684210526 0.0 0.0526315789473684 0.0 0.0 0.184210526315789 0.394736842105263 0.381578947368421 
0.315789473684211 0.421052631578947 0.763157894736842 0.894736842105263 0.631578947368421 0.0 1.0 0.710526315789474 0.0263157894736842 0.144736842105263 

> Caup
4 9 8 4 14 19 0 19 4 4 
9 0 0 1 0 0 19 0 4 4 
2 3 4 2 2 0 0 0 4 4 
4 7 7 12 3 0 0 0 4 4 

> CG11085
0.25 0.153846153846154 0.0 0.0 1.0 1.0 0.0769230769230769 0.153846153846154 0.0769230769230769 0.153846153846154 
0.25 0.307692307692308 0.230769230769231 0.0 0.0 0.0 0.0 0.0769230769230769 0.0 0.307692307692308 
0.25 0.153846153846154 0.0 0.0 0.0 0.0 0.0 0.153846153846154 0.923076923076923 0.461538461538462 
0.25 0.384615384615385 0.769230769230769 1.0 0.0 0.0 0.923076923076923 0.615384615384615 0.0 0.0769230769230769 

> CG11294
0.333333333333333 0.483333333333333 0.0 0.0 1.0 1.0 0.0 0.0 1.0 0.1 
0.2 0.15 0.2 0.133333333333333 0.0 0.0 0.0 0.0 0.0 0.0333333333333333 
0.2 0.15 0.0 0.0 0.0 0.0 0.0 0.0 0.0 0.7 
0.266666666666667 0.216666666666667 0.8 0.866666666666667 0.0 0.0 1.0 1.0 0.0 0.166666666666667 

> CG11617
7 2 1 0 10 17 0 17 4 4 
0 0 0 0 0 0 17 0 4 4 
3 1 0 0 3 0 0 0 4 4 
7 14 16 17 4 0 0 0 5 4 

> CG12361
0.28125 0.125 0.125 0.125 0.375 1.0 0.0 0.0 0.8125 0.109375 
0.21875 0.125 0.0 0.0 0.0 0.0 0.0 0.125 0.0 0.484375 
0.21875 0.1875 0.0 0.0 0.125 0.0 0.0 0.375 0.1875 0.296875 
0.28125 0.5625 0.875 0.875 0.5 0.0 1.0 0.5 0.0 0.109375 

> CG13424
0.154761904761905 0.285714285714286 0.0952380952380952 0.0 1.0 1.0 0.0 0.142857142857143 0.380952380952381 0.178571428571429 
0.107142857142857 0.238095238095238 0.333333333333333 0.0 0.0 0.0 0.0 0.0 0.0 0.226190476190476 
0.392857142857143 0.19047619047619 0.0476190476190476 0.0 0.0 0.0 0.0 0.19047619047619 0.619047619047619 0.416666666666667 
0.345238095238095 0.285714285714286 0.523809523809524 1.0 0.0 0.0 1.0 0.666666666666667 0.0 0.178571428571429 

> CG15696
0.203125 0.09375 0.0625 0.0625 0.65625 1.0 0.0 0.0 0.5 0.25 
0.296875 0.21875 0.09375 0.09375 0.0 0.0 0.0 0.0 0.0 0.1875 
0.265625 0.25 0.09375 0.0 0.1875 0.0 0.0 0.0625 0.5 0.5 
0.234375 0.4375 0.75 0.84375 0.15625 0.0 1.0 0.9375 0.0 0.0625 

> CG18599
0.2 0.27 0.16 0.0 1.0 1.0 0.0 0.0 0.92 0.28 
0.4 0.23 0.4 0.0 0.0 0.0 0.0 0.04 0.0 0.24 
0.16 0.27 0.04 0.0 0.0 0.0 0.0 0.32 0.08 0.28 
0.24 0.23 0.4 1.0 0.0 0.0 1.0 0.64 0.0 0.2 

> CG32105
0.210526315789474 0.473684210526316 0.105263157894737 0.105263157894737 0.894736842105263 1.0 0.0 0.0 0.789473684210526 0.315789473684211 
0.263157894736842 0.0526315789473684 0.210526315789474 0.0 0.0 0.0 0.0 0.0 0.0 0.210526315789474 
0.263157894736842 0.0 0.0 0.0 0.0 0.0 0.0526315789473684 0.0526315789473684 0.210526315789474 0.473684210526316 
0.263157894736842 0.473684210526316 0.684210526315789 0.894736842105263 0.105263157894737 0.0 0.947368421052632 0.947368421052632 0.0 0.0 

> CG32532
0.293478260869565 0.184782608695652 0.0869565217391304 0.0 1.0 1.0 0.0 0.0 0.521739130434783 0.25 
0.206521739130435 0.271739130434783 0.260869565217391 0.0 0.0 0.0 0.0 0.0 0.0 0.16304347826087 
0.206521739130435 0.315217391304348 0.0869565217391304 0.0 0.0 0.0 0.0 0.0869565217391304 0.434782608695652 0.423913043478261 
0.293478260869565 0.228260869565217 0.565217391304348 1.0 0.0 0.0 1.0 0.91304347826087 0.0434782608695652 0.16304347826087 

> CG33980
0.25 0.0769230769230769 0.153846153846154 0.0 1.0 1.0 0.0 0.0 0.769230769230769 0.0769230769230769 
0.25 0.0769230769230769 0.153846153846154 0.0 0.0 0.0 0.0 0.0 0.0 0.153846153846154 
0.25 0.384615384615385 0.0 0.0 0.0 0.0 0.0 0.0 0.230769230769231 0.769230769230769 
0.25 0.461538461538462 0.692307692307692 1.0 0.0 0.0 1.0 1.0 0.0 0.0 

> CG34031
0.15 0.08 0.0 0.0 0.88 1.0 0.08 0.28 0.12 0.16 
0.27 0.16 0.04 0.0 0.0 0.0 0.0 0.0 0.0 0.28 
0.27 0.16 0.04 0.0 0.0 0.0 0.0 0.04 0.88 0.24 
0.31 0.6 0.92 1.0 0.12 0.0 0.92 0.68 0.0 0.32 

> CG4136
0.284090909090909 0.147727272727273 0.0454545454545455 0.0 1.0 1.0 0.0 0.0909090909090909 0.681818181818182 0.238636363636364 
0.238636363636364 0.375 0.363636363636364 0.0 0.0 0.0 0.0 0.0 0.0 0.193181818181818 
0.284090909090909 0.238636363636364 0.0454545454545455 0.0 0.0 0.0 0.0 0.136363636363636 0.272727272727273 0.284090909090909 
0.193181818181818 0.238636363636364 0.545454545454545 1.0 0.0 0.0 1.0 0.772727272727273 0.0454545454545455 0.284090909090909 

> CG4328
0.208333333333333 0.4 0.4 0.233333333333333 0.433333333333333 1.0 0.0 0.0 0.5 0.375 
0.275 0.2 0.0666666666666667 0.0333333333333333 0.0 0.0 0.0 0.0 0.0 0.308333333333333 
0.141666666666667 0.133333333333333 0.1 0.0 0.0 0.0 0.0 0.2 0.5 0.208333333333333 
0.375 0.266666666666667 0.433333333333333 0.733333333333333 0.566666666666667 0.0 1.0 0.8 0.0 0.108333333333333 

> CG7056
0.394230769230769 0.269230769230769 0.0 0.0 0.807692307692308 1.0 0.0 0.269230769230769 0.846153846153846 0.211538461538462 
0.163461538461538 0.115384615384615 0.269230769230769 0.230769230769231 0.0 0.0 0.115384615384615 0.0 0.0 0.365384615384615 
0.163461538461538 0.0769230769230769 0.0 0.269230769230769 0.0769230769230769 0.0 0.115384615384615 0.0384615384615385 0.153846153846154 0.211538461538462 
0.278846153846154 0.538461538461538 0.730769230769231 0.5 0.115384615384615 0.0 0.769230769230769 0.692307692307692 0.0 0.211538461538462 

> CG9876
0.1625 0.55 0.1 0.0 0.9 1.0 0.0 0.0 0.7 0.3875 
0.3125 0.1 0.45 0.0 0.0 0.0 0.0 0.0 0.0 0.1375 
0.2125 0.2 0.15 0.0 0.0 0.0 0.0 0.05 0.3 0.2875 
0.3125 0.15 0.3 1.0 0.1 0.0 1.0 0.95 0.0 0.1875 

> Ct
3 3 0 1 9 20 17 0 5 5 
3 8 6 2 0 0 0 19 5 5 
7 6 0 0 11 0 1 1 5 5 
7 3 14 17 0 0 2 0 5 5 

> Dfd
0.21875 0.333333333333333 0.0416666666666667 0.0 1.0 1.0 0.0 0.0416666666666667 0.875 0.1875 
0.21875 0.375 0.166666666666667 0.0 0.0 0.0 0.0 0.0 0.0 0.3125 
0.260416666666667 0.166666666666667 0.125 0.0 0.0 0.0 0.0 0.791666666666667 0.125 0.270833333333333 
0.302083333333333 0.125 0.666666666666667 1.0 0.0 0.0 1.0 0.166666666666667 0.0 0.229166666666667 

> Dll
0.228260869565217 0.173913043478261 0.260869565217391 0.0434782608695652 0.956521739130435 1.0 0.0 0.130434782608696 0.434782608695652 0.0434782608695652 
0.228260869565217 0.260869565217391 0.304347826086957 0.0 0.0 0.0 0.0 0.0 0.0 0.521739130434783 
0.271739130434783 0.217391304347826 0.173913043478261 0.0 0.0434782608695652 0.0 0.0 0.130434782608696 0.391304347826087 0.173913043478261 
0.271739130434783 0.347826086956522 0.260869565217391 0.956521739130435 0.0 0.0 1.0 0.739130434782609 0.173913043478261 0.260869565217391 

> Dr
4 11 1 0 21 21 0 0 21 5 
8 2 13 16 0 0 0 0 0 5 
9 4 6 0 0 0 0 0 0 5 
0 4 1 5 0 0 21 21 0 5 

> E5
0.244186046511628 0.255813953488372 0.116279069767442 0.0697674418604651 1.0 0.976744186046512 0.0232558139534884 0.116279069767442 0.790697674418605 0.366279069767442 
0.244186046511628 0.209302325581395 0.348837209302326 0.0 0.0 0.0 0.0 0.0 0.0 0.203488372093023 
0.290697674418605 0.27906976744186 0.13953488372093 0.0 0.0 0.0 0.0232558139534884 0.372093023255814 0.209302325581395 0.226744186046512 
0.22093023255814 0.255813953488372 0.395348837209302 0.930232558139535 0.0 0.0232558139534884 0.953488372093023 0.511627906976744 0.0 0.203488372093023 

> ems
0.1375 0.4 0.15 0.15 0.95 0.95 0.0 0.0 0.7 0.3 
0.4875 0.05 0.35 0.0 0.0 0.0 0.0 0.05 0.0 0.2 
0.1875 0.1 0.05 0.0 0.0 0.05 0.0 0.5 0.3 0.4 
0.1875 0.45 0.45 0.85 0.05 0.0 1.0 0.45 0.0 0.1 

> en
0.16304347826087 0.130434782608696 0.0869565217391304 0.0 1.0 1.0 0.0 0.0 0.565217391304348 0.315217391304348 
0.25 0.130434782608696 0.347826086956522 0.0 0.0 0.0 0.0 0.0 0.0 0.184782608695652 
0.293478260869565 0.521739130434783 0.0869565217391304 0.0 0.0 0.0 0.0 0.0869565217391304 0.434782608695652 0.358695652173913 
0.293478260869565 0.217391304347826 0.478260869565217 1.0 0.0 0.0 1.0 0.91304347826087 0.0 0.141304347826087 

> eve
0.181818181818182 0.272727272727273 0.136363636363636 0.0454545454545455 1.0 1.0 0.0 0.0 0.772727272727273 0.284090909090909 
0.136363636363636 0.0454545454545455 0.454545454545455 0.0 0.0 0.0 0.0909090909090909 0.0909090909090909 0.0 0.284090909090909 
0.272727272727273 0.409090909090909 0.0 0.0 0.0 0.0 0.0454545454545455 0.5 0.181818181818182 0.284090909090909 
0.409090909090909 0.272727272727273 0.409090909090909 0.954545454545455 0.0 0.0 0.863636363636364 0.409090909090909 0.0454545454545455 0.147727272727273 

> exd
4 1 0 0 0 17 0 11 7 4 
4 0 0 0 0 0 12 0 2 4 
4 2 0 0 17 0 0 6 3 4 
5 14 17 17 0 0 5 0 5 4 

> Exex
0.239130434782609 0.228260869565217 0.0 0.0 1.0 1.0 0.0 0.0434782608695652 0.869565217391304 0.347826086956522 
0.239130434782609 0.141304347826087 0.304347826086957 0.0 0.0 0.0 0.0 0.0434782608695652 0.0 0.217391304347826 
0.369565217391304 0.315217391304348 0.434782608695652 0.0 0.0 0.0 0.0 0.0 0.130434782608696 0.304347826086957 
0.152173913043478 0.315217391304348 0.260869565217391 1.0 0.0 0.0 1.0 0.91304347826087 0.0 0.130434782608696 

> ftz
0.138888888888889 0.166666666666667 0.0555555555555556 0.0555555555555556 1.0 1.0 0.0 0.0 0.777777777777778 0.222222222222222 
0.0833333333333333 0.277777777777778 0.111111111111111 0.0 0.0 0.0 0.0 0.0 0.0 0.222222222222222 
0.25 0.444444444444444 0.0 0.0 0.0 0.0 0.0 0.5 0.222222222222222 0.277777777777778 
0.527777777777778 0.111111111111111 0.833333333333333 0.944444444444444 0.0 0.0 1.0 0.5 0.0 0.277777777777778 

> Gsc
0.147727272727273 0.363636363636364 0.181818181818182 0.0 1.0 1.0 0.0 0.0 0.0 0.170454545454545 
0.329545454545455 0.363636363636364 0.227272727272727 0.0 0.0 0.0 0.0 1.0 0.636363636363636 0.261363636363636 
0.147727272727273 0.227272727272727 0.181818181818182 0.0 0.0 0.0 0.0 0.0 0.0909090909090909 0.261363636363636 
0.375 0.0454545454545455 0.409090909090909 1.0 0.0 0.0 1.0 0.0 0.272727272727273 0.306818181818182 

> H2
0.2890625 0.15625 0.1875 0.0625 0.5 0.96875 0.0 0.25 0.75 0.5234375 
0.2890625 0.1875 0.09375 0.03125 0.03125 0.0 0.0 0.0 0.0 0.1484375 
0.1953125 0.375 0.125 0.0 0.03125 0.0 0.0 0.28125 0.21875 0.1796875 
0.2265625 0.28125 0.59375 0.90625 0.4375 0.03125 1.0 0.46875 0.03125 0.1484375 

> Hbn
0.191176470588235 0.352941176470588 0.117647058823529 0.0 1.0 1.0 0.0 0.0 0.529411764705882 0.485294117647059 
0.308823529411765 0.235294117647059 0.117647058823529 0.0 0.0 0.0 0.0 0.0 0.0 0.0735294117647059 
0.308823529411765 0.0588235294117647 0.117647058823529 0.0 0.0 0.0 0.0 0.0 0.411764705882353 0.25 
0.191176470588235 0.352941176470588 0.647058823529412 1.0 0.0 0.0 1.0 1.0 0.0588235294117647 0.191176470588235 

> Hgtx
0.3125 0.2 0.2 0.0 1.0 1.0 0.0 0.05 0.75 0.325 
0.2125 0.05 0.1 0.0 0.0 0.0 0.0 0.0 0.0 0.225 
0.1625 0.25 0.15 0.0 0.0 0.0 0.0 0.3 0.25 0.325 
0.3125 0.5 0.55 1.0 0.0 0.0 1.0 0.65 0.0 0.125 

> Hmx
0.35 0.175 0.05 0.0 1.0 1.0 0.05 0.0 0.2 0.2125 
0.3 0.325 0.15 0.0 0.0 0.0 0.0 0.15 0.0 0.3125 
0.1 0.325 0.0 0.0 0.0 0.0 0.0 0.0 0.8 0.2625 
0.25 0.175 0.8 1.0 0.0 0.0 0.95 0.85 0.0 0.2125 

> Hth
0.25 0.176470588235294 0.235294117647059 0.0 0.0 1.0 0.0 0.823529411764706 0.0735294117647059 0.220588235294118 
0.426470588235294 0.176470588235294 0.117647058823529 0.0 0.0 0.0 1.0 0.0 0.0735294117647059 0.279411764705882 
0.132352941176471 0.235294117647059 0.352941176470588 0.0 1.0 0.0 0.0 0.176470588235294 0.544117647058823 0.279411764705882 
0.191176470588235 0.411764705882353 0.294117647058824 1.0 0.0 0.0 0.0 0.0 0.308823529411765 0.220588235294118 

> Ind
1 9 0 0 21 21 0 0 19 3 
9 4 12 0 0 0 0 0 0 7 
2 6 0 0 0 0 1 8 2 6 
9 2 9 21 0 0 20 13 0 3 

> Inv
0.203125 0.25 0.0625 0.0 1.0 1.0 0.0 0.0 0.6875 0.34375 
0.265625 0.0 0.5625 0.0 0.0 0.0 0.0 0.0 0.0 0.21875 
0.140625 0.1875 0.0 0.0 0.0 0.0 0.0 0.0 0.3125 0.28125 
0.390625 0.5625 0.375 1.0 0.0 0.0 1.0 1.0 0.0 0.15625 

> Lab
0.265625 0.265625 0.0625 0.0 1.0 1.0 0.0625 0.0 1.0 0.234375 
0.203125 0.265625 0.1875 0.0 0.0 0.0 0.0 0.0 0.0 0.296875 
0.203125 0.328125 0.0 0.0 0.0 0.0 0.0 0.375 0.0 0.234375 
0.328125 0.140625 0.75 1.0 0.0 0.0 0.9375 0.625 0.0 0.234375 

> Lbe
0.227272727272727 0.136363636363636 0.181818181818182 0.0 1.0 1.0 0.0454545454545455 0.181818181818182 0.863636363636364 0.193181818181818 
0.318181818181818 0.227272727272727 0.272727272727273 0.0 0.0 0.0 0.454545454545455 0.227272727272727 0.0 0.193181818181818 
0.272727272727273 0.409090909090909 0.0909090909090909 0.0 0.0 0.0 0.0909090909090909 0.136363636363636 0.136363636363636 0.465909090909091 
0.181818181818182 0.227272727272727 0.454545454545455 1.0 0.0 0.0 0.409090909090909 0.454545454545455 0.0 0.147727272727273 

> Lbl
0.206521739130435 0.217391304347826 0.217391304347826 0.0 1.0 1.0 0.0 0.0434782608695652 0.739130434782609 0.217391304347826 
0.206521739130435 0.217391304347826 0.434782608695652 0.0 0.0 0.0 0.217391304347826 0.130434782608696 0.0 0.130434782608696 
0.33695652173913 0.478260869565217 0.0 0.0 0.0 0.0 0.0 0.304347826086957 0.260869565217391 0.478260869565217 
0.25 0.0869565217391304 0.347826086956522 1.0 0.0 0.0 0.782608695652174 0.521739130434783 0.0 0.173913043478261 

> Lim1
0.277777777777778 0.347222222222222 0.0 0.0 1.0 1.0 0.0 0.0 0.944444444444444 0.180555555555556 
0.222222222222222 0.125 0.111111111111111 0.0 0.0 0.0 0.0 0.0 0.0 0.180555555555556 
0.222222222222222 0.291666666666667 0.0 0.0 0.0 0.0 0.0 0.0 0.0555555555555556 0.458333333333333 
0.277777777777778 0.236111111111111 0.888888888888889 1.0 0.0 0.0 1.0 1.0 0.0 0.180555555555556 

> Lim3
0.275 0.4 0.15 0.2 0.8 1.0 0.0 0.0 0.8 0.5625 
0.175 0.25 0.35 0.0 0.0 0.0 0.0 0.1 0.0 0.0625 
0.275 0.1 0.1 0.0 0.15 0.0 0.0 0.2 0.2 0.2125 
0.275 0.25 0.4 0.8 0.05 0.0 1.0 0.7 0.0 0.1625 

> Mirr
18 18 22 20 29 41 0 41 10 10 
6 4 7 1 0 0 41 0 10 10 
6 10 6 1 2 0 0 0 10 10 
11 9 6 19 10 0 0 0 10 10 

> NK7
0.357142857142857 0.371428571428571 0.142857142857143 0.0 0.942857142857143 1.0 0.114285714285714 0.171428571428571 0.371428571428571 0.221428571428571 
0.214285714285714 0.257142857142857 0.142857142857143 0.0 0.0 0.0 0.0 0.0 0.0 0.278571428571429 
0.214285714285714 0.142857142857143 0.0285714285714286 0.0 0.0571428571428571 0.0 0.142857142857143 0.2 0.628571428571429 0.25 
0.214285714285714 0.228571428571429 0.685714285714286 1.0 0.0 0.0 0.742857142857143 0.628571428571429 0.0 0.25 

> Oct
0.272727272727273 0.0909090909090909 0.363636363636364 0.0454545454545455 1.0 1.0 0.0 0.0909090909090909 0.681818181818182 0.193181818181818 
0.318181818181818 0.181818181818182 0.136363636363636 0.0 0.0 0.0 0.0 0.136363636363636 0.0454545454545455 0.238636363636364 
0.227272727272727 0.318181818181818 0.0 0.0 0.0 0.0 0.0 0.272727272727273 0.0454545454545455 0.375 
0.181818181818182 0.409090909090909 0.5 0.954545454545455 0.0 0.0 1.0 0.5 0.227272727272727 0.193181818181818 

> Oc
0.276315789473684 0.223684210526316 0.263157894736842 0.0 1.0 1.0 0.0 0.0 0.0 0.210526315789474 
0.276315789473684 0.381578947368421 0.105263157894737 0.0 0.0 0.0 0.0 1.0 0.894736842105263 0.263157894736842 
0.223684210526316 0.223684210526316 0.0526315789473684 0.0 0.0 0.0 0.105263157894737 0.0 0.0526315789473684 0.263157894736842 
0.223684210526316 0.171052631578947 0.578947368421053 1.0 0.0 0.0 0.894736842105263 0.0 0.0526315789473684 0.263157894736842 

> Odsh
0.352272727272727 0.181818181818182 0.0 0.0 1.0 1.0 0.0 0.0 0.590909090909091 0.431818181818182 
0.215909090909091 0.272727272727273 0.5 0.0 0.0 0.0 0.0 0.0 0.0 0.25 
0.125 0.272727272727273 0.181818181818182 0.0 0.0 0.0 0.0 0.0 0.363636363636364 0.113636363636364 
0.306818181818182 0.272727272727273 0.318181818181818 1.0 0.0 0.0 1.0 1.0 0.0454545454545455 0.204545454545455 

> onecut
0.25 0.266666666666667 0.0666666666666667 0.0 0.0 1.0 0.0 0.0 0.333333333333333 0.266666666666667 
0.316666666666667 0.266666666666667 0.133333333333333 0.0 0.0 0.0 0.0 0.0 0.0 0.2 
0.116666666666667 0.266666666666667 0.0 0.0 1.0 0.0 0.0 0.0 0.266666666666667 0.466666666666667 
0.316666666666667 0.2 0.8 1.0 0.0 0.0 1.0 1.0 0.4 0.0666666666666667 

> Optix
12 13 4 0 0 27 0 26 6 6 
4 4 4 5 0 0 0 0 6 6 
2 3 16 0 27 0 0 1 6 6 
9 7 3 22 0 0 27 0 6 6 

> Otp
0.1875 0.15 0.05 0.0 1.0 1.0 0.0 0.0 0.75 0.425 
0.3375 0.2 0.3 0.05 0.0 0.0 0.0 0.05 0.0 0.125 
0.2875 0.1 0.1 0.0 0.0 0.0 0.0 0.2 0.15 0.275 
0.1875 0.55 0.55 0.95 0.0 0.0 1.0 0.75 0.1 0.175 

> Pb
0.197916666666667 0.125 0.166666666666667 0.0 1.0 1.0 0.0 0.0 1.0 0.177083333333333 
0.239583333333333 0.125 0.375 0.0 0.0 0.0 0.0 0.0 0.0 0.46875 
0.239583333333333 0.416666666666667 0.0 0.0 0.0 0.0 0.0 0.458333333333333 0.0 0.21875 
0.322916666666667 0.333333333333333 0.458333333333333 1.0 0.0 0.0 1.0 0.541666666666667 0.0 0.135416666666667 

> PhdP
0.264705882352941 0.25 0.235294117647059 0.0 0.941176470588235 1.0 0.0 0.0588235294117647 0.470588235294118 0.264705882352941 
0.205882352941176 0.367647058823529 0.352941176470588 0.0 0.0 0.0 0.0 0.0 0.0588235294117647 0.205882352941176 
0.323529411764706 0.25 0.0 0.0 0.0 0.0 0.0 0.0588235294117647 0.235294117647059 0.323529411764706 
0.205882352941176 0.132352941176471 0.411764705882353 1.0 0.0588235294117647 0.0 1.0 0.882352941176471 0.235294117647059 0.205882352941176 

> Pph13
0.261904761904762 0.476190476190476 0.285714285714286 0.0 1.0 1.0 0.0 0.0 0.619047619047619 0.321428571428571 
0.214285714285714 0.19047619047619 0.380952380952381 0.0 0.0 0.0 0.0 0.0476190476190476 0.0476190476190476 0.130952380952381 
0.214285714285714 0.142857142857143 0.142857142857143 0.0 0.0 0.0 0.0 0.0 0.285714285714286 0.321428571428571 
0.30952380952381 0.19047619047619 0.19047619047619 1.0 0.0 0.0 1.0 0.952380952380952 0.0476190476190476 0.226190476190476 

> Ptx1
0.2375 0.1125 0.0 0.0 1.0 1.0 0.0 0.0 0.0 0.05 
0.3375 0.3125 0.25 0.0 0.0 0.0 0.0 1.0 0.95 0.65 
0.1875 0.4625 0.05 0.0 0.0 0.0 0.0 0.0 0.0 0.05 
0.2375 0.1125 0.7 1.0 0.0 0.0 1.0 0.0 0.05 0.25 

> Repo
0.294642857142857 0.214285714285714 0.0357142857142857 0.0357142857142857 0.964285714285714 1.0 0.0 0.0 0.75 0.303571428571429 
0.258928571428571 0.107142857142857 0.142857142857143 0.0 0.0 0.0 0.0 0.0 0.0 0.196428571428571 
0.1875 0.214285714285714 0.142857142857143 0.0 0.0 0.0 0.0 0.0 0.25 0.339285714285714 
0.258928571428571 0.464285714285714 0.678571428571429 0.964285714285714 0.0357142857142857 0.0 1.0 1.0 0.0 0.160714285714286 

> Ro
0.16304347826087 0.217391304347826 0.0434782608695652 0.0 1.0 1.0 0.0 0.0 0.826086956521739 0.434782608695652 
0.293478260869565 0.173913043478261 0.521739130434783 0.0 0.0 0.0 0.0 0.0 0.0 0.304347826086957 
0.119565217391304 0.478260869565217 0.130434782608696 0.0 0.0 0.0 0.0 0.130434782608696 0.173913043478261 0.130434782608696 
0.423913043478261 0.130434782608696 0.304347826086957 1.0 0.0 0.0 1.0 0.869565217391304 0.0 0.130434782608696 

> Rx
0.222222222222222 0.259259259259259 0.111111111111111 0.0 1.0 1.0 0.0 0.0 0.62962962962963 0.453703703703704 
0.222222222222222 0.185185185185185 0.481481481481481 0.0 0.0 0.0 0.0 0.0 0.0 0.12037037037037 
0.222222222222222 0.444444444444444 0.0 0.0 0.0 0.0 0.0 0.0 0.37037037037037 0.342592592592593 
0.333333333333333 0.111111111111111 0.407407407407407 1.0 0.0 0.0 1.0 1.0 0.0 0.0833333333333333 

> Scr
5 8 3 0 25 25 0 0 23 5 
14 5 7 0 0 0 0 0 0 7 
1 9 0 0 0 0 0 18 2 5 
5 3 15 25 0 0 25 7 0 5 

> Six4
10 4 6 0 0 20 0 20 1 2 
2 2 2 0 0 0 7 0 19 13 
2 3 3 0 20 0 4 0 0 2 
6 11 9 20 0 0 9 0 0 2 

> Slou
0.181818181818182 0.0909090909090909 0.136363636363636 0.0 1.0 0.954545454545455 0.0 0.0909090909090909 0.5 0.125 
0.318181818181818 0.136363636363636 0.227272727272727 0.0454545454545455 0.0 0.0 0.0 0.0454545454545455 0.0 0.215909090909091 
0.272727272727273 0.272727272727273 0.0454545454545455 0.0 0.0 0.0454545454545455 0.0 0.227272727272727 0.5 0.397727272727273 
0.227272727272727 0.5 0.590909090909091 0.954545454545455 0.0 0.0 1.0 0.636363636363636 0.0 0.261363636363636 

> So
6 12 13 0 0 27 0 27 3 5 
5 4 1 0 0 0 0 0 13 6 
7 5 10 1 27 0 1 0 3 7 
9 6 3 26 0 0 26 0 6 7 

> tin
0.234375 0.0 0.0625 0.0 1.0 1.0 0.0 0.0 0.1875 0.03125 
0.296875 0.5625 0.0 0.6875 0.0 0.0 0.0 0.0 0.0 0.28125 
0.234375 0.1875 0.0 0.0625 0.0 0.0 1.0 0.0 0.8125 0.59375 
0.234375 0.25 0.9375 0.25 0.0 0.0 0.0 1.0 0.0 0.09375 

> Tup
0.15625 0.125 0.25 0.0625 1.0 1.0 0.0 0.0625 0.125 0.515625 
0.46875 0.5 0.125 0.0 0.0 0.0 0.0 0.0 0.0 0.140625 
0.15625 0.3125 0.0625 0.0 0.0 0.0 0.125 0.4375 0.8125 0.203125 
0.21875 0.0625 0.5625 0.9375 0.0 0.0 0.875 0.5 0.0625 0.140625 

> Ubx
0.225 0.15 0.0 0.0 0.85 1.0 0.0 0.0 0.7 0.175 
0.425 0.25 0.0 0.0 0.0 0.0 0.0 0.0 0.0 0.375 
0.075 0.15 0.0 0.0 0.0 0.0 0.0 0.3 0.3 0.225 
0.275 0.45 1.0 1.0 0.15 0.0 1.0 0.7 0.0 0.225 

> Unc4
0.202380952380952 0.0952380952380952 0.0476190476190476 0.0 1.0 1.0 0.0 0.0476190476190476 0.285714285714286 0.416666666666667 
0.297619047619048 0.428571428571429 0.238095238095238 0.0 0.0 0.0 0.0 0.0 0.0476190476190476 0.0833333333333333 
0.202380952380952 0.238095238095238 0.0952380952380952 0.0 0.0 0.0 0.0 0.0 0.666666666666667 0.369047619047619 
0.297619047619048 0.238095238095238 0.619047619047619 1.0 0.0 0.0 1.0 0.952380952380952 0.0 0.130952380952381 

> Unpg
0.226190476190476 0.238095238095238 0.0476190476190476 0.0476190476190476 1.0 1.0 0.0 0.0 0.666666666666667 0.130952380952381 
0.321428571428571 0.476190476190476 0.285714285714286 0.0 0.0 0.0 0.0 0.0 0.0 0.178571428571429 
0.226190476190476 0.142857142857143 0.19047619047619 0.0 0.0 0.0 0.0 0.0952380952380952 0.333333333333333 0.511904761904762 
0.226190476190476 0.142857142857143 0.476190476190476 0.952380952380952 0.0 0.0 1.0 0.904761904761905 0.0 0.178571428571429 

> Vis
0.420454545454545 0.318181818181818 0.318181818181818 0.0 0.0 1.0 0.0 1.0 0.159090909090909 0.147727272727273 
0.193181818181818 0.136363636363636 0.136363636363636 0.0 0.0 0.0 1.0 0.0 0.25 0.329545454545455 
0.102272727272727 0.318181818181818 0.181818181818182 0.0 1.0 0.0 0.0 0.0 0.431818181818182 0.238636363636364 
0.284090909090909 0.227272727272727 0.363636363636364 1.0 0.0 0.0 0.0 0.0 0.159090909090909 0.284090909090909 

> vnd
4 1 0 0 19 19 0 2 9 4 
0 8 0 15 0 0 0 0 0 4 
2 1 0 2 0 0 19 0 10 4 
13 9 19 2 0 0 0 17 0 4 

> Zen2
4 7 3 1 26 26 0 0 22 6 
7 9 7 0 0 0 1 0 0 9 
2 6 5 0 0 0 0 10 4 5 
13 4 11 25 0 0 25 16 0 6 

> zen
3 2 2 0 16 16 0 0 16 4 
5 8 9 0 0 0 0 0 0 4 
4 4 0 0 0 0 0 11 0 4 
4 2 5 16 0 0 16 5 0 4 

