> abd-A
0.0 0.652173913043478 0.91304347826087 0.0 0.173913043478261 0.793478260869565 0.717391304347826 
0.217391304347826 0.347826086956522 0.0434782608695652 0.173913043478261 0.0434782608695652 0.0543478260869565 0.0652173913043478 
0.0 0.0 0.0 0.0 0.0 0.0108695652173913 0.108695652173913 
0.782608695652174 0.0 0.0434782608695652 0.826086956521739 0.782608695652174 0.141304347826087 0.108695652173913 

> abd-B
0.0595238095238095 0.25 0.0595238095238095 0.0 0.19047619047619 1.0 0.0 0.142857142857143 0.619047619047619 
0.25 0.0595238095238095 0.0119047619047619 0.0 0.0 0.0 0.142857142857143 0.0 0.0 
0.583333333333333 0.107142857142857 0.0119047619047619 0.0 0.0 0.0 0.0 0.523809523809524 0.238095238095238 
0.107142857142857 0.583333333333333 0.916666666666667 1.0 0.80952380952381 0.0 0.857142857142857 0.333333333333333 0.142857142857143 

> Antp
0.0394736842105263 0.0789473684210526 0.0526315789473684 1.0 1.0 0.0 0.0 0.842105263157895 
0.302631578947368 0.0263157894736842 0.0 0.0 0.0 0.0 0.0 0.0 
0.144736842105263 0.0263157894736842 0.0 0.0 0.0 0.0526315789473684 0.473684210526316 0.157894736842105 
0.513157894736842 0.868421052631579 0.947368421052632 0.0 0.0 0.947368421052632 0.526315789473684 0.0 

> bcd-1
0.488636363636364 0.0909090909090909 0.636363636363636 0.0 0.0454545454545455 0.727272727272727 0.409090909090909 
0.0340909090909091 0.0 0.318181818181818 0.0 0.0 0.0 0.0909090909090909 
0.443181818181818 0.909090909090909 0.0 0.0 0.0 0.0909090909090909 0.409090909090909 
0.0340909090909091 0.0 0.0454545454545455 1.0 0.954545454545455 0.181818181818182 0.0909090909090909 

> bcd-2
0.136363636363636 0.0 0.909090909090909 1.0 0.0 0.0 0.0 
0.227272727272727 0.0 0.0 0.0 0.0 1.0 0.954545454545455 
0.136363636363636 0.0 0.0 0.0 0.0454545454545455 0.0 0.0 
0.5 1.0 0.0909090909090909 0.0 0.954545454545455 0.0 0.0454545454545455 

> bcd-1
0.488636363636364 0.0909090909090909 0.636363636363636 0.0 0.0454545454545455 0.727272727272727 0.409090909090909 
0.0340909090909091 0.0 0.318181818181818 0.0 0.0 0.0 0.0909090909090909 
0.443181818181818 0.909090909090909 0.0 0.0 0.0 0.0909090909090909 0.409090909090909 
0.0340909090909091 0.0 0.0454545454545455 1.0 0.954545454545455 0.181818181818182 0.0909090909090909 

> Blimp-1
0.583333333333333 0.5 0.333333333333333 0.333333333333333 0.916666666666667 0.833333333333333 1.0 0.0833333333333333 0.0 0.0 1.0 0.916666666666667 1.0 0.0833333333333333 0.0 
0.25 0.25 0.333333333333333 0.0 0.0 0.0833333333333333 0.0 0.0 0.166666666666667 0.0 0.0 0.0 0.0 0.0 0.25 
0.0833333333333333 0.166666666666667 0.0 0.666666666666667 0.0 0.0833333333333333 0.0 0.916666666666667 0.0833333333333333 1.0 0.0 0.0833333333333333 0.0 0.916666666666667 0.0 
0.0833333333333333 0.0833333333333333 0.333333333333333 0.0 0.0833333333333333 0.0 0.0 0.0 0.75 0.0 0.0 0.0 0.0 0.0 0.75 

> btd
0.3125 0.125 0.0625 0.0 0.0 0.0625 0.0 0.0 0.484375 0.2734375 
0.0 0.0625 0.0 0.0 0.0 0.875 0.0 0.0 0.046875 0.1171875 
0.6875 0.5625 0.9375 1.0 1.0 0.0625 1.0 0.625 0.328125 0.1484375 
0.0 0.25 0.0 0.0 0.0 0.0 0.0 0.375 0.140625 0.4609375 

> cad
0.133720930232558 0.0581395348837209 0.755813953488372 0.953488372093023 0.0232558139534884 0.662790697674419 0.848837209302326 0.697674418604651 
0.38953488372093 0.337209302325581 0.174418604651163 0.0465116279069767 0.0232558139534884 0.0348837209302326 0.0348837209302326 0.0697674418604651 
0.343023255813953 0.0581395348837209 0.0116279069767442 0.0 0.0 0.0348837209302326 0.0116279069767442 0.13953488372093 
0.133720930232558 0.546511627906977 0.0581395348837209 0.0 0.953488372093023 0.267441860465116 0.104651162790698 0.0930232558139535 

> Dfd
0.0 0.166666666666667 1.0 0.0 0.0 1.0 0.677083333333333 
0.125 0.791666666666667 0.0 0.0 0.0 0.0 0.09375 
0.0 0.0 0.0 0.0 0.0 0.0 0.177083333333333 
0.875 0.0416666666666667 0.0 1.0 1.0 0.0 0.0520833333333333 

> dl
0.185714285714286 0.0928571428571429 0.00714285714285714 0.0642857142857143 0.114285714285714 0.95 0.978571428571429 0.664285714285714 0.407142857142857 0.0357142857142857 0.00714285714285714 0.135714285714286 
0.528571428571429 0.207142857142857 0.0357142857142857 0.0357142857142857 0.0 0.00714285714285714 0.00714285714285714 0.00714285714285714 0.207142857142857 0.921428571428571 0.892857142857143 0.65 
0.157142857142857 0.35 0.921428571428571 0.892857142857143 0.885714285714286 0.00714285714285714 0.00714285714285714 0.00714285714285714 0.0357142857142857 0.00714285714285714 0.00714285714285714 0.164285714285714 
0.128571428571429 0.35 0.0357142857142857 0.00714285714285714 0.0 0.0357142857142857 0.00714285714285714 0.321428571428571 0.35 0.0357142857142857 0.0928571428571429 0.05 

> D
0.404411764705882 0.455882352941176 0.205882352941176 0.235294117647059 0.205882352941176 0.617647058823529 0.264705882352941 0.794117647058823 1.0 0.0 0.911764705882353 0.882352941176471 0.264705882352941 0.352941176470588 0.117647058823529 
0.433823529411765 0.279411764705882 0.441176470588235 0.294117647058824 0.176470588235294 0.0294117647058824 0.294117647058824 0.117647058823529 0.0 0.823529411764706 0.0882352941176471 0.117647058823529 0.0 0.0 0.0294117647058824 
0.110294117647059 0.161764705882353 0.0882352941176471 0.235294117647059 0.441176470588235 0.0294117647058824 0.323529411764706 0.0588235294117647 0.0 0.0 0.0 0.0 0.0 0.558823529411765 0.852941176470588 
0.0514705882352941 0.102941176470588 0.264705882352941 0.235294117647059 0.176470588235294 0.323529411764706 0.117647058823529 0.0294117647058824 0.0 0.176470588235294 0.0 0.0 0.735294117647059 0.0882352941176471 0.0 

> ems
0.0 0.409090909090909 0.954545454545455 0.0 0.0454545454545455 0.727272727272727 0.5 
0.227272727272727 0.545454545454545 0.0 0.0454545454545455 0.0 0.0 0.0454545454545455 
0.0 0.0454545454545455 0.0 0.0454545454545455 0.0909090909090909 0.136363636363636 0.454545454545455 
0.772727272727273 0.0 0.0454545454545455 0.909090909090909 0.863636363636364 0.136363636363636 0.0 

> en
0.0652173913043478 0.0 0.91304347826087 1.0 0.0 0.0 1.0 0.597826086956522 
0.543478260869565 0.434782608695652 0.0869565217391304 0.0 0.0 0.0 0.0 0.0760869565217391 
0.195652173913043 0.0 0.0 0.0 0.0 0.0 0.0 0.16304347826087 
0.195652173913043 0.565217391304348 0.0 0.0 1.0 1.0 0.0 0.16304347826087 

> eve
0.141304347826087 0.391304347826087 0.91304347826087 0.0 0.0434782608695652 1.0 0.380434782608696 
0.141304347826087 0.521739130434783 0.0 0.0 0.0 0.0 0.0326086956521739 
0.0108695652173913 0.0434782608695652 0.0869565217391304 0.0 0.0 0.0 0.467391304347826 
0.706521739130435 0.0434782608695652 0.0 1.0 0.956521739130435 0.0 0.119565217391304 

> fkh
0.215277777777778 0.131944444444444 0.493055555555556 0.354166666666667 0.236111111111111 0.0277777777777778 0.916666666666667 0.944444444444444 0.972222222222222 0.00694444444444444 0.868055555555556 
0.159722222222222 0.104166666666667 0.0763888888888889 0.104166666666667 0.0416666666666667 0.583333333333333 0.0555555555555556 0.0 0.0 0.701388888888889 0.00694444444444444 
0.159722222222222 0.0208333333333333 0.381944444444444 0.270833333333333 0.541666666666667 0.0555555555555556 0.0 0.0555555555555556 0.0277777777777778 0.0625 0.00694444444444444 
0.465277777777778 0.743055555555556 0.0486111111111111 0.270833333333333 0.180555555555556 0.333333333333333 0.0277777777777778 0.0 0.0 0.229166666666667 0.118055555555556 

> ftz
0.0340909090909091 0.477272727272727 0.920454545454545 0.0113636363636364 0.0 0.909090909090909 0.727272727272727 0.0909090909090909 0.477272727272727 
0.215909090909091 0.477272727272727 0.0568181818181818 0.0568181818181818 0.0454545454545455 0.0454545454545455 0.0 0.454545454545455 0.295454545454545 
0.0795454545454545 0.0227272727272727 0.0113636363636364 0.0568181818181818 0.0454545454545455 0.0 0.181818181818182 0.318181818181818 0.0681818181818182 
0.670454545454545 0.0227272727272727 0.0113636363636364 0.875 0.909090909090909 0.0454545454545455 0.0909090909090909 0.136363636363636 0.159090909090909 

> Gsc
0.272727272727273 0.0 1.0 0.0 0.0 1.0 
0.0909090909090909 0.0 0.0 0.0 0.0 0.0 
0.636363636363636 1.0 0.0 0.0 0.0 0.0 
0.0 0.0 0.0 1.0 1.0 0.0 

> gt
0.0571428571428571 0.164285714285714 0.0142857142857143 0.542857142857143 0.0 0.0857142857142857 0.685714285714286 0.0 0.171428571428571 0.00714285714285714 0.95 0.878571428571429 0.0214285714285714 
0.257142857142857 0.25 0.0428571428571429 0.0285714285714286 0.0285714285714286 0.0 0.0 0.942857142857143 0.0857142857142857 0.00714285714285714 0.0357142857142857 0.0214285714285714 0.45 
0.485714285714286 0.307142857142857 0.157142857142857 0.371428571428571 0.0 0.114285714285714 0.314285714285714 0.0 0.742857142857143 0.00714285714285714 0.00714285714285714 0.0214285714285714 0.164285714285714 
0.2 0.278571428571429 0.785714285714286 0.0571428571428571 0.971428571428571 0.8 0.0 0.0571428571428571 0.0 0.978571428571429 0.00714285714285714 0.0785714285714286 0.364285714285714 

> hb
0.448529411764706 0.272058823529412 0.360294117647059 0.742647058823529 0.889705882352941 0.860294117647059 0.911764705882353 0.911764705882353 1.0 0.823529411764706 0.0294117647058824 0.595588235294118 
0.389705882352941 0.419117647058824 0.389705882352941 0.125 0.00735294117647059 0.0367647058823529 0.0588235294117647 0.0588235294117647 0.0 0.0882352941176471 0.764705882352941 0.00735294117647059 
0.00735294117647059 0.213235294117647 0.154411764705882 0.0955882352941176 0.0955882352941176 0.0661764705882353 0.0 0.0294117647058824 0.0 0.0 0.0588235294117647 0.272058823529412 
0.154411764705882 0.0955882352941176 0.0955882352941176 0.0367647058823529 0.00735294117647059 0.0367647058823529 0.0294117647058824 0.0 0.0 0.0882352941176471 0.147058823529412 0.125 

> hkb
0.307692307692308 0.301282051282051 0.102564102564103 0.0256410256410256 0.82051282051282 0.0512820512820513 0.0448717948717949 0.0448717948717949 0.0192307692307692 0.0448717948717949 0.326923076923077 0.0512820512820513 
0.41025641025641 0.378205128205128 0.0769230769230769 0.923076923076923 0.153846153846154 0.948717948717949 0.0448717948717949 0.916666666666667 0.916666666666667 0.685897435897436 0.532051282051282 0.58974358974359 
0.179487179487179 0.121794871794872 0.0769230769230769 0.0512820512820513 0.0 0.0 0.891025641025641 0.0192307692307692 0.0192307692307692 0.0192307692307692 0.0192307692307692 0.0512820512820513 
0.102564102564103 0.198717948717949 0.743589743589744 0.0 0.0256410256410256 0.0 0.0192307692307692 0.0192307692307692 0.0448717948717949 0.25 0.121794871794872 0.307692307692308 

> h
0.0714285714285714 0.261904761904762 0.107142857142857 0.952380952380952 0.0714285714285714 0.0714285714285714 0.0238095238095238 0.0119047619047619 0.25 0.107142857142857 0.654761904761905 
0.214285714285714 0.285714285714286 0.726190476190476 0.0 0.928571428571429 0.0238095238095238 0.619047619047619 0.0119047619047619 0.654761904761905 0.869047619047619 0.202380952380952 
0.619047619047619 0.380952380952381 0.0595238095238095 0.0476190476190476 0.0 0.880952380952381 0.0 0.94047619047619 0.0595238095238095 0.0119047619047619 0.130952380952381 
0.0952380952380952 0.0714285714285714 0.107142857142857 0.0 0.0 0.0238095238095238 0.357142857142857 0.0357142857142857 0.0357142857142857 0.0119047619047619 0.0119047619047619 

> inv
0.0454545454545455 0.920454545454545 0.738636363636364 0.0 0.0 0.863636363636364 0.318181818181818 0.511363636363636 
0.363636363636364 0.0113636363636364 0.102272727272727 0.0 0.136363636363636 0.136363636363636 0.0 0.284090909090909 
0.0454545454545455 0.0568181818181818 0.0568181818181818 0.0454545454545455 0.0909090909090909 0.0 0.636363636363636 0.0113636363636364 
0.545454545454545 0.0113636363636364 0.102272727272727 0.954545454545455 0.772727272727273 0.0 0.0454545454545455 0.193181818181818 

> kni
0.0689655172413793 0.0 0.0344827586206897 0.137931034482759 0.0689655172413793 0.0344827586206897 0.0 0.758620689655172 0.206896551724138 0.379310344827586 0.0 0.137931034482759 
0.310344827586207 0.0344827586206897 0.0 0.689655172413793 0.275862068965517 0.96551724137931 0.172413793103448 0.0344827586206897 0.206896551724138 0.0 0.0344827586206897 0.0689655172413793 
0.448275862068966 0.0 0.96551724137931 0.137931034482759 0.0 0.0 0.0689655172413793 0.172413793103448 0.413793103448276 0.0 0.0344827586206897 0.0344827586206897 
0.172413793103448 0.96551724137931 0.0 0.0344827586206897 0.655172413793103 0.0 0.758620689655172 0.0344827586206897 0.172413793103448 0.620689655172414 0.931034482758621 0.758620689655172 

> Kr
0.102941176470588 0.617647058823529 0.764705882352941 0.0 0.0 0.0 0.0294117647058824 0.0294117647058824 0.0 0.176470588235294 0.264705882352941 
0.132352941176471 0.117647058823529 0.147058823529412 0.911764705882353 0.852941176470588 1.0 0.235294117647059 0.0 0.176470588235294 0.352941176470588 0.205882352941176 
0.132352941176471 0.0294117647058824 0.0588235294117647 0.0 0.0 0.0 0.176470588235294 0.0 0.0 0.117647058823529 0.470588235294118 
0.632352941176471 0.235294117647059 0.0294117647058824 0.0882352941176471 0.147058823529412 0.0 0.558823529411765 0.970588235294118 0.823529411764706 0.352941176470588 0.0588235294117647 

> lab
0.137096774193548 0.185483870967742 0.0241935483870968 0.483870967741936 0.838709677419355 0.032258064516129 0.00806451612903226 0.669354838709677 0.491935483870968 
0.137096774193548 0.217741935483871 0.0564516129032258 0.483870967741936 0.032258064516129 0.0 0.104838709677419 0.0564516129032258 0.104838709677419 
0.620967741935484 0.25 0.217741935483871 0.0 0.0645161290322581 0.0645161290322581 0.104838709677419 0.120967741935484 0.266129032258065 
0.104838709677419 0.346774193548387 0.701612903225806 0.032258064516129 0.0645161290322581 0.903225806451613 0.782258064516129 0.153225806451613 0.137096774193548 

> nub
0.5078125 0.0703125 0.9765625 0.0078125 0.0 0.0 0.8125 0.96875 0.9375 0.125 0.1875 0.65625 0.171875 
0.0390625 0.0703125 0.0078125 0.0078125 0.03125 0.65625 0.0 0.0 0.0 0.03125 0.1875 0.1875 0.140625 
0.1953125 0.0390625 0.0078125 0.0078125 0.84375 0.03125 0.03125 0.03125 0.03125 0.03125 0.25 0.0625 0.484375 
0.2578125 0.8203125 0.0078125 0.9765625 0.125 0.3125 0.15625 0.0 0.03125 0.8125 0.375 0.09375 0.203125 

> oc
0.227272727272727 0.0 1.0 1.0 0.0 0.0 0.0340909090909091 
0.181818181818182 0.0 0.0 0.0 0.0 0.954545454545455 0.806818181818182 
0.0454545454545455 0.0 0.0 0.0 0.0909090909090909 0.0454545454545455 0.0795454545454545 
0.545454545454545 1.0 0.0 0.0 0.909090909090909 0.0 0.0795454545454545 

> odd
0.5 0.55 0.0 0.75 0.05 0.05 0.8 0.0 0.0 0.75 
0.3 0.4 0.85 0.05 0.0 0.0 0.05 0.0 1.0 0.15 
0.05 0.05 0.05 0.2 0.95 0.05 0.05 0.95 0.0 0.1 
0.15 0.0 0.1 0.0 0.0 0.9 0.1 0.05 0.0 0.0 

> opa
0.0 0.523809523809524 0.142857142857143 0.0476190476190476 0.238095238095238 0.0 0.0 0.0476190476190476 0.0952380952380952 0.0595238095238095 0.0595238095238095 0.154761904761905 
0.904761904761905 0.238095238095238 0.0952380952380952 0.761904761904762 0.0 0.0 0.0 0.0476190476190476 0.0476190476190476 0.107142857142857 0.107142857142857 0.773809523809524 
0.0 0.0952380952380952 0.761904761904762 0.0 0.761904761904762 1.0 1.0 0.80952380952381 0.80952380952381 0.773809523809524 0.345238095238095 0.0595238095238095 
0.0952380952380952 0.142857142857143 0.0 0.19047619047619 0.0 0.0 0.0 0.0952380952380952 0.0476190476190476 0.0595238095238095 0.488095238095238 0.0119047619047619 

> Optix
0.408653846153846 0.375 0.192307692307692 0.0 0.211538461538462 0.774038461538462 0.0625 0.725961538461538 
0.177884615384615 0.240384615384615 0.230769230769231 0.115384615384615 0.0 0.100961538461538 0.0240384615384615 0.0336538461538462 
0.139423076923077 0.163461538461538 0.519230769230769 0.0 0.75 0.0432692307692308 0.0625 0.0913461538461538 
0.274038461538462 0.221153846153846 0.0576923076923077 0.884615384615385 0.0384615384615385 0.0817307692307692 0.850961538461538 0.149038461538462 

> pb
0.1 0.13 0.0 0.52 1.0 0.0 0.0 1.0 0.57 
0.18 0.33 0.04 0.48 0.0 0.0 0.04 0.0 0.01 
0.54 0.45 0.0 0.0 0.0 0.04 0.0 0.0 0.25 
0.18 0.09 0.96 0.0 0.0 0.96 0.96 0.0 0.17 

> prd
0.506756756756757 0.418918918918919 0.141891891891892 0.0878378378378378 0.358108108108108 0.0608108108108108 0.162162162162162 0.0 0.864864864864865 0.0 0.0810810810810811 0.0 0.162162162162162 
0.290540540540541 0.175675675675676 0.168918918918919 0.439189189189189 0.439189189189189 0.0608108108108108 0.027027027027027 0.864864864864865 0.0810810810810811 1.0 0.0 0.540540540540541 0.27027027027027 
0.155405405405405 0.121621621621622 0.141891891891892 0.114864864864865 0.114864864864865 0.709459459459459 0.027027027027027 0.0540540540540541 0.027027027027027 0.0 0.918918918918919 0.459459459459459 0.027027027027027 
0.0472972972972973 0.283783783783784 0.547297297297297 0.358108108108108 0.0878378378378378 0.168918918918919 0.783783783783784 0.0810810810810811 0.027027027027027 0.0 0.0 0.0 0.540540540540541 

> Scr
0.176470588235294 0.00735294117647059 0.301470588235294 0.772058823529412 0.0294117647058824 0.0 0.919117647058823 0.573529411764706 0.161764705882353 0.198529411764706 
0.176470588235294 0.0661764705882353 0.595588235294118 0.154411764705882 0.0588235294117647 0.0588235294117647 0.0661764705882353 0.0441176470588235 0.338235294117647 0.0808823529411765 
0.470588235294118 0.00735294117647059 0.0661764705882353 0.00735294117647059 0.117647058823529 0.0588235294117647 0.00735294117647059 0.25 0.191176470588235 0.522058823529412 
0.176470588235294 0.919117647058823 0.0367647058823529 0.0661764705882353 0.794117647058823 0.882352941176471 0.00735294117647059 0.132352941176471 0.308823529411765 0.198529411764706 

> slp1
0.196428571428571 0.00595238095238095 0.0773809523809524 0.00595238095238095 0.0 0.0 0.642857142857143 0.0238095238095238 0.428571428571429 0.0952380952380952 0.357142857142857 
0.0773809523809524 0.00595238095238095 0.00595238095238095 0.00595238095238095 0.0 0.0 0.0 0.547619047619048 0.19047619047619 0.333333333333333 0.0952380952380952 
0.339285714285714 0.00595238095238095 0.910714285714286 0.00595238095238095 0.0238095238095238 0.0476190476190476 0.0952380952380952 0.166666666666667 0.357142857142857 0.0714285714285714 0.0952380952380952 
0.386904761904762 0.982142857142857 0.00595238095238095 0.982142857142857 0.976190476190476 0.952380952380952 0.261904761904762 0.261904761904762 0.0238095238095238 0.5 0.452380952380952 

> tll
0.264705882352941 0.264705882352941 0.117647058823529 0.0294117647058824 0.0 0.0 0.941176470588235 0.0 0.0 0.0 0.0 0.176470588235294 0.382352941176471 0.147058823529412 0.0882352941176471 
0.0294117647058824 0.0882352941176471 0.0588235294117647 0.0294117647058824 0.0 0.0 0.0 0.970588235294118 0.0294117647058824 0.0 0.117647058823529 0.117647058823529 0.205882352941176 0.235294117647059 0.323529411764706 
0.352941176470588 0.382352941176471 0.294117647058824 0.0 0.0 1.0 0.0588235294117647 0.0 0.0588235294117647 0.0294117647058824 0.0 0.117647058823529 0.205882352941176 0.470588235294118 0.176470588235294 
0.352941176470588 0.264705882352941 0.529411764705882 0.941176470588235 1.0 0.0 0.0 0.0294117647058824 0.911764705882353 0.970588235294118 0.882352941176471 0.588235294117647 0.205882352941176 0.147058823529412 0.411764705882353 

> ttk
0.227272727272727 0.181818181818182 0.181818181818182 0.136363636363636 0.590909090909091 0.0 0.0454545454545455 0.772727272727273 0.0 0.0 0.0 0.0 0.0454545454545455 0.0227272727272727 
0.0454545454545455 0.227272727272727 0.227272727272727 0.181818181818182 0.136363636363636 0.0 0.0 0.0 0.0 1.0 1.0 0.0 0.136363636363636 0.113636363636364 
0.181818181818182 0.0909090909090909 0.272727272727273 0.5 0.227272727272727 0.0 0.0 0.227272727272727 0.0 0.0 0.0 0.0 0.363636363636364 0.477272727272727 
0.545454545454545 0.5 0.318181818181818 0.181818181818182 0.0454545454545455 1.0 0.954545454545455 0.0 1.0 0.0 0.0 1.0 0.454545454545455 0.386363636363636 

> Ubx
0.0 0.7 1.0 0.0 0.15 1.0 1.0 
0.3 0.3 0.0 0.0 0.0 0.0 0.0 
0.0 0.0 0.0 0.0 0.0 0.0 0.0 
0.7 0.0 0.0 1.0 0.85 0.0 0.0 

