> abd-A
0.575 0.0 0.95 0.9 0.4 0.0 
0.1 0.075 0.0 0.0 0.0 0.025 
0.1 0.0 0.05 0.0 0.0 0.125 
0.225 0.925 0.0 0.1 0.6 0.85 

> Antp
0.583333333333334 1.0 0.0 0.916666666666666 1.0 0.416666666666667 
0.25 0.0 0.0 0.0 0.0 0.0 
0.166666666666667 0.0 0.0 0.0833333333333333 0.0 0.0 
0.0 0.0 1.0 0.0 0.0 0.583333333333334 

> ap
1.0 1.0 0.0 0.285714285714286 0.928571428571429 0.285714285714286 
0.0 0.0 0.0 0.214285714285714 0.0 0.0 
0.0 0.0 0.0 0.214285714285714 0.0714285714285714 0.142857142857143 
0.0 0.0 1.0 0.285714285714286 0.0 0.571428571428571 

> bcd
0.208333333333333 0.3125 0.104166666666667 0.604166666666667 0.0 0.0416666666666667 0.729166666666667 0.333333333333333 
0.375 0.0416666666666667 0.0 0.395833333333333 0.0 0.0208333333333333 0.0208333333333333 0.0416666666666667 
0.270833333333333 0.625 0.895833333333333 0.0 0.0 0.0 0.0625 0.4375 
0.145833333333333 0.0208333333333333 0.0 0.0 1.0 0.9375 0.1875 0.1875 

> brk
0.4 0.2 0.0 0.0 0.0 0.0 0.5 
0.0 0.0 0.9 0.0 1.0 1.0 0.0 
0.6 0.8 0.0 0.9 0.0 0.0 0.5 
0.0 0.0 0.1 0.1 0.0 0.0 0.0 

> br-Z1
0.705882352941177 0.647058823529412 0.117647058823529 0.705882352941177 0.235294117647059 0.470588235294118 0.941176470588235 1.0 
0.0 0.0 0.0 0.176470588235294 0.705882352941177 0.0588235294117647 0.0588235294117647 0.0 
0.294117647058824 0.235294117647059 0.0588235294117647 0.117647058823529 0.0588235294117647 0.0 0.0 0.0 
0.0 0.117647058823529 0.823529411764706 0.0 0.0 0.470588235294118 0.0 0.0 

> br-Z2
0.0 0.0 1.0 0.238095238095238 0.238095238095238 0.333333333333333 0.571428571428571 
0.952380952380952 0.0 0.0 0.142857142857143 0.0 0.142857142857143 0.0 
0.0 0.0 0.0 0.142857142857143 0.142857142857143 0.0476190476190476 0.19047619047619 
0.0476190476190476 1.0 0.0 0.476190476190476 0.619047619047619 0.476190476190476 0.238095238095238 

> br-Z3
0.5625 0.0625 0.5 0.75 0.375 0.0625 0.8125 0.0 0.0 0.4375 0.125 
0.0 0.4375 0.1875 0.0 0.3125 0.0 0.0625 0.0 0.125 0.0 0.0625 
0.0 0.125 0.0 0.0 0.0 0.0625 0.0625 0.6875 0.0625 0.0 0.0 
0.4375 0.375 0.3125 0.25 0.3125 0.875 0.0625 0.3125 0.8125 0.5625 0.8125 

> br-Z4
0.875 0.375 0.0 0.75 0.375 0.0 0.125 0.875 
0.0 0.25 0.0 0.0 0.0 0.0 0.0 0.0 
0.0 0.0 0.0 0.25 0.375 0.0 0.0 0.0 
0.125 0.375 1.0 0.0 0.25 1.0 0.875 0.125 

> byn
0.111111111111111 0.222222222222222 0.111111111111111 0.0 0.888888888888889 0.0 0.333333333333333 0.111111111111111 
0.0 0.444444444444444 0.0 1.0 0.0 1.0 0.333333333333333 0.111111111111111 
0.0 0.0 0.777777777777778 0.0 0.0 0.0 0.0 0.0 
0.888888888888889 0.333333333333333 0.111111111111111 0.0 0.111111111111111 0.0 0.333333333333333 0.777777777777778 

> cad
0.230769230769231 0.0 0.0 0.461538461538462 0.0 0.230769230769231 0.384615384615385 0.0 0.307692307692308 
0.0 0.0 0.0 0.0769230769230769 0.384615384615385 0.0 0.307692307692308 0.307692307692308 0.0 
0.0 0.0769230769230769 0.0 0.153846153846154 0.0769230769230769 0.769230769230769 0.230769230769231 0.153846153846154 0.0 
0.769230769230769 0.923076923076923 1.0 0.307692307692308 0.538461538461538 0.0 0.0769230769230769 0.538461538461538 0.692307692307692 

> Deaf1
0.3 0.0 0.0 0.8 0.7 0.2 0.2 0.4 0.0 
0.7 1.0 0.0 0.2 0.3 0.0 0.5 0.0 0.9 
0.0 0.0 1.0 0.0 0.0 0.4 0.3 0.6 0.1 
0.0 0.0 0.0 0.0 0.0 0.4 0.0 0.0 0.0 

> Dfd
0.0625 0.0625 0.9375 0.9375 0.0 0.0625 0.5 0.0 
0.125 0.0 0.0625 0.0625 0.0 0.0 0.0 0.3125 
0.125 0.0 0.0 0.0 0.0 0.3125 0.375 0.125 
0.6875 0.9375 0.0 0.0 1.0 0.625 0.125 0.5625 

> dl
0.0 0.0526315789473684 0.526315789473684 0.342105263157895 0.0526315789473684 0.0 0.0526315789473684 0.0 0.0263157894736842 0.0 0.315789473684211 
0.0263157894736842 0.0789473684210526 0.0 0.105263157894737 0.0 0.0263157894736842 0.105263157894737 0.552631578947368 0.947368421052632 0.421052631578947 0.447368421052632 
0.578947368421053 0.552631578947368 0.473684210526316 0.0789473684210526 0.0526315789473684 0.0789473684210526 0.0263157894736842 0.0 0.0 0.236842105263158 0.210526315789474 
0.394736842105263 0.315789473684211 0.0 0.473684210526316 0.894736842105263 0.894736842105263 0.815789473684211 0.447368421052632 0.0263157894736842 0.342105263157895 0.0263157894736842 

> Dref
0.666666666666667 0.111111111111111 0.777777777777778 0.333333333333333 0.0 0.111111111111111 1.0 0.0 0.777777777777778 0.333333333333333 
0.111111111111111 0.0 0.111111111111111 0.0 1.0 0.0 0.0 0.0 0.111111111111111 0.0 
0.0 0.111111111111111 0.0 0.0 0.0 0.888888888888889 0.0 0.0 0.111111111111111 0.666666666666667 
0.222222222222222 0.777777777777778 0.111111111111111 0.666666666666667 0.0 0.0 0.0 1.0 0.0 0.0 

> Eip74EF
0.375 0.75 0.125 0.0 1.0 1.0 0.125 0.125 
0.625 0.25 0.0 0.125 0.0 0.0 0.0 0.125 
0.0 0.0 0.875 0.875 0.0 0.0 0.625 0.0 
0.0 0.0 0.0 0.0 0.0 0.0 0.25 0.75 

> en
0.375 0.142857142857143 0.0 0.553571428571429 0.964285714285714 0.0178571428571429 0.0178571428571429 0.339285714285714 
0.0 0.196428571428571 0.107142857142857 0.125 0.0178571428571429 0.0 0.0 0.0178571428571429 
0.339285714285714 0.160714285714286 0.0178571428571429 0.232142857142857 0.0 0.0535714285714286 0.0178571428571429 0.464285714285714 
0.285714285714286 0.5 0.875 0.0892857142857143 0.0178571428571429 0.928571428571429 0.964285714285714 0.178571428571429 

> eve
0.4 0.85 0.05 0.7 0.7 0.0 0.4 0.95 
0.45 0.0 0.8 0.1 0.0 0.0 0.05 0.0 
0.15 0.15 0.0 0.2 0.1 0.0 0.05 0.0 
0.0 0.0 0.15 0.0 0.2 1.0 0.5 0.05 

> ftz
0.257575757575758 0.46969696969697 0.96969696969697 0.0 0.196969696969697 0.939393939393939 0.545454545454545 0.439393939393939 
0.484848484848485 0.424242424242424 0.0151515151515152 0.0 0.0757575757575758 0.0454545454545455 0.0909090909090909 0.257575757575758 
0.0606060606060606 0.0 0.0 0.0 0.0303030303030303 0.0151515151515152 0.272727272727273 0.227272727272727 
0.196969696969697 0.106060606060606 0.0151515151515152 1.0 0.696969696969697 0.0 0.0909090909090909 0.0757575757575758 

> grh
1.0 0.777777777777778 0.111111111111111 0.333333333333333 0.777777777777778 0.0 
0.0 0.0 0.777777777777778 0.666666666666667 0.0 0.0 
0.0 0.222222222222222 0.0 0.0 0.222222222222222 0.777777777777778 
0.0 0.0 0.111111111111111 0.0 0.0 0.222222222222222 

> gt
0.0 0.125 0.75 1.0 0.5 1.0 0.875 
0.125 0.125 0.25 0.0 0.0 0.0 0.0 
0.875 0.0 0.0 0.0 0.0 0.0 0.0 
0.0 0.75 0.0 0.0 0.5 0.0 0.125 

> hb
0.310679611650485 0.456310679611651 0.0 0.932038834951456 0.980582524271845 1.0 0.941747572815534 0.990291262135922 0.660194174757282 
0.475728155339806 0.145631067961165 0.300970873786408 0.00970873786407767 0.00970873786407767 0.0 0.00970873786407767 0.00970873786407767 0.087378640776699 
0.194174757281553 0.155339805825243 0.106796116504854 0.0388349514563107 0.0 0.0 0.0388349514563107 0.0 0.116504854368932 
0.0194174757281553 0.242718446601942 0.592233009708738 0.0194174757281553 0.00970873786407767 0.0 0.00970873786407767 0.0 0.135922330097087 

> kni
0.575757575757576 0.606060606060606 0.96969696969697 0.606060606060606 0.212121212121212 0.0 0.424242424242424 0.151515151515152 0.878787878787879 0.363636363636364 0.0909090909090909 0.484848484848485 0.606060606060606 
0.0606060606060606 0.0606060606060606 0.0 0.121212121212121 0.333333333333333 0.0303030303030303 0.0909090909090909 0.0606060606060606 0.0303030303030303 0.212121212121212 0.757575757575758 0.0909090909090909 0.272727272727273 
0.212121212121212 0.151515151515152 0.0 0.0303030303030303 0.151515151515152 0.212121212121212 0.454545454545455 0.787878787878788 0.0909090909090909 0.242424242424242 0.0303030303030303 0.333333333333333 0.121212121212121 
0.151515151515152 0.181818181818182 0.0303030303030303 0.242424242424242 0.303030303030303 0.757575757575758 0.0303030303030303 0.0 0.0 0.181818181818182 0.121212121212121 0.0909090909090909 0.0 

> Kr
0.555555555555556 0.911111111111111 0.8 0.555555555555556 0.0444444444444444 0.111111111111111 0.155555555555556 0.0444444444444444 0.111111111111111 0.555555555555556 
0.155555555555556 0.0444444444444444 0.155555555555556 0.2 0.0 0.0 0.0666666666666667 0.0 0.111111111111111 0.111111111111111 
0.2 0.0444444444444444 0.0222222222222222 0.133333333333333 0.911111111111111 0.844444444444444 0.755555555555556 0.0444444444444444 0.0888888888888889 0.222222222222222 
0.0888888888888889 0.0 0.0222222222222222 0.111111111111111 0.0444444444444444 0.0444444444444444 0.0222222222222222 0.911111111111111 0.688888888888889 0.111111111111111 

> Mad
0.105263157894737 0.0526315789473684 0.315789473684211 0.0526315789473684 0.315789473684211 0.0526315789473684 0.210526315789474 0.315789473684211 0.0 0.526315789473684 0.0526315789473684 
0.842105263157895 0.0 0.631578947368421 0.368421052631579 0.157894736842105 0.789473684210526 0.0526315789473684 0.421052631578947 1.0 0.157894736842105 0.0 
0.0526315789473684 0.894736842105263 0.0526315789473684 0.421052631578947 0.526315789473684 0.0 0.578947368421053 0.105263157894737 0.0 0.315789473684211 0.842105263157895 
0.0 0.0526315789473684 0.0 0.157894736842105 0.0 0.157894736842105 0.157894736842105 0.157894736842105 0.0 0.0 0.105263157894737 

> Med
0.125 0.0 0.625 0.0 0.0 0.0 0.0 0.375 0.5 0.25 0.125 
0.25 1.0 0.375 0.375 0.5 0.875 0.375 0.625 0.5 0.0 0.25 
0.625 0.0 0.0 0.5 0.5 0.125 0.625 0.0 0.0 0.625 0.0 
0.0 0.0 0.0 0.125 0.0 0.0 0.0 0.0 0.0 0.125 0.625 

> ovo
0.0 0.166666666666667 0.0 0.0 0.0 0.916666666666667 
1.0 0.5 0.0 0.0833333333333333 0.0 0.0 
0.0 0.0 1.0 0.0 0.0 0.0833333333333333 
0.0 0.333333333333333 0.0 0.916666666666667 1.0 0.0 

> pan
0.76 0.16 0.12 0.88 0.92 0.88 
0.0 0.12 0.8 0.0 0.04 0.0 
0.0 0.0 0.04 0.0 0.0 0.0 
0.24 0.72 0.04 0.12 0.04 0.12 

> prd
0.0 0.0 0.0 0.545454545454545 0.0909090909090909 0.909090909090909 1.0 0.181818181818182 
0.0 0.454545454545455 0.0909090909090909 0.272727272727273 0.272727272727273 0.0909090909090909 0.0 0.181818181818182 
0.909090909090909 0.0 0.818181818181818 0.0909090909090909 0.0 0.0 0.0 0.0 
0.0909090909090909 0.545454545454545 0.0909090909090909 0.0909090909090909 0.636363636363636 0.0 0.0 0.636363636363636 

> sd
0.157894736842105 0.421052631578947 0.578947368421053 0.842105263157895 0.0526315789473684 0.157894736842105 0.263157894736842 0.0526315789473684 0.526315789473684 0.210526315789474 0.157894736842105 0.0 
0.526315789473684 0.210526315789474 0.210526315789474 0.0526315789473684 0.157894736842105 0.0 0.263157894736842 0.736842105263158 0.105263157894737 0.0526315789473684 0.0 0.210526315789474 
0.315789473684211 0.368421052631579 0.0 0.0526315789473684 0.0 0.157894736842105 0.0 0.210526315789474 0.0 0.0 0.0 0.368421052631579 
0.0 0.0 0.210526315789474 0.0526315789473684 0.789473684210526 0.684210526315789 0.473684210526316 0.0 0.368421052631579 0.736842105263158 0.842105263157895 0.421052631578947 

> slbo
0.0833333333333333 0.0833333333333333 0.0833333333333333 0.0 0.0 0.5 1.0 0.25 0.0 0.833333333333333 
0.0 0.0 0.166666666666667 0.0 0.416666666666667 0.5 0.0 0.0833333333333333 0.583333333333333 0.0 
0.0833333333333333 0.416666666666667 0.0 0.916666666666667 0.25 0.0 0.0 0.0833333333333333 0.166666666666667 0.0 
0.833333333333333 0.5 0.75 0.0833333333333333 0.333333333333333 0.0 0.0 0.583333333333333 0.25 0.166666666666667 

> sna
0.818181818181818 0.363636363636364 0.0 0.909090909090909 0.363636363636364 0.0 0.0 0.272727272727273 0.272727272727273 
0.181818181818182 0.0 1.0 0.0 0.0 0.0 0.0 0.0 0.181818181818182 
0.0 0.363636363636364 0.0 0.0909090909090909 0.545454545454545 1.0 0.181818181818182 0.454545454545455 0.545454545454545 
0.0 0.272727272727273 0.0 0.0 0.0909090909090909 0.0 0.818181818181818 0.272727272727273 0.0 

> tin
0.0 0.909090909090909 0.0 0.0 0.0 0.181818181818182 0.909090909090909 
1.0 0.0909090909090909 1.0 0.0 0.0 0.0909090909090909 0.0 
0.0 0.0 0.0 0.0 0.0 0.727272727272727 0.0909090909090909 
0.0 0.0 0.0 1.0 1.0 0.0 0.0 

> tll
0.694444444444444 0.75 0.722222222222222 0.138888888888889 0.0555555555555556 0.0 0.861111111111111 0.694444444444444 
0.0277777777777778 0.0555555555555556 0.0 0.0 0.0555555555555556 0.555555555555556 0.0277777777777778 0.0833333333333333 
0.166666666666667 0.166666666666667 0.25 0.833333333333333 0.0277777777777778 0.0277777777777778 0.111111111111111 0.138888888888889 
0.111111111111111 0.0277777777777778 0.0277777777777778 0.0277777777777778 0.861111111111111 0.416666666666667 0.0 0.0833333333333333 

> Trl
0.116883116883117 0.194805194805195 0.038961038961039 0.0 0.103896103896104 0.0 0.051948051948052 0.025974025974026 0.0779220779220779 0.155844155844156 0.116883116883117 0.051948051948052 0.233766233766234 
0.12987012987013 0.116883116883117 0.25974025974026 0.545454545454545 0.038961038961039 0.935064935064935 0.0 0.74025974025974 0.168831168831169 0.74025974025974 0.207792207792208 0.623376623376623 0.025974025974026 
0.0 0.194805194805195 0.324675324675325 0.12987012987013 0.350649350649351 0.0649350649350649 0.12987012987013 0.0909090909090909 0.116883116883117 0.012987012987013 0.103896103896104 0.116883116883117 0.168831168831169 
0.753246753246753 0.493506493506494 0.376623376623377 0.324675324675325 0.506493506493506 0.0 0.818181818181818 0.142857142857143 0.636363636363636 0.0909090909090909 0.571428571428571 0.207792207792208 0.571428571428571 

> ttk
0.0 0.375 0.0 0.0 0.0 0.0 0.0 
0.0 0.0 0.0 1.0 1.0 0.125 0.0 
0.625 0.625 0.0 0.0 0.0 0.0 0.625 
0.375 0.0 1.0 0.0 0.0 0.875 0.375 

> twi
0.6 0.8 0.0 1.0 0.0666666666666667 0.666666666666667 0.0 0.0 
0.4 0.2 1.0 0.0 0.466666666666667 0.2 0.133333333333333 0.0 
0.0 0.0 0.0 0.0 0.0666666666666667 0.133333333333333 0.0666666666666667 0.866666666666667 
0.0 0.0 0.0 0.0 0.4 0.0 0.8 0.133333333333333 

> Ubx
0.305084745762712 0.610169491525424 0.983050847457627 0.0338983050847458 0.0 0.813559322033898 
0.508474576271186 0.305084745762712 0.0169491525423729 0.0169491525423729 0.0338983050847458 0.0169491525423729 
0.0677966101694915 0.0169491525423729 0.0 0.0 0.0 0.0 
0.11864406779661 0.0677966101694915 0.0 0.949152542372881 0.966101694915254 0.169491525423729 

> vvl
0.0 0.909090909090909 0.454545454545455 0.0 0.0 1.0 
0.0 0.0909090909090909 0.0 0.0 0.727272727272727 0.0 
0.0 0.0 0.0 0.363636363636364 0.0909090909090909 0.0 
1.0 0.0 0.545454545454545 0.636363636363636 0.181818181818182 0.0 

> zen
0.916666666666667 0.916666666666667 0.0 0.75 1.0 1.0 
0.0833333333333333 0.0 0.0 0.0 0.0 0.0 
0.0 0.0 0.0 0.0 0.0 0.0 
0.0 0.0833333333333333 1.0 0.25 0.0 0.0 

> z
0.0487804878048781 0.0 1.0 0.0 0.170731707317073 0.024390243902439 
0.170731707317073 0.0 0.0 0.0 0.24390243902439 0.121951219512195 
0.0731707317073171 1.0 0.0 1.0 0.0 0.731707317073171 
0.707317073170732 0.0 0.0 0.0 0.585365853658537 0.121951219512195 

