> abd-A
0.736566098628288 0.372659725670939 0.0536917308589432 0.00414283986637194 0.772543057807744 0.134461149740547 
0.00355499225325424 0.000778742263401557 0.00459150502556593 0.00214822806367248 0.00605885985743332 0.0220318371450276 
0.0154393770436648 0.0606293920063423 0.00788373788522231 0.0217429804815367 0.00958876277290856 0.0141699810219184 
0.244439532074793 0.565932140059317 0.933833026230269 0.971965951588419 0.211809319561914 0.829337032092507 

> Antp
0.888412151193169 0.233253278309704 0.0172309465592129 0.836499663404667 0.0116301301189196 0.0213632520509639 0.957942414924479 0.121878771131249 0.289116806741374 0.347707172000659 0.48536873690698 0.143343724312789 
0.0337102340362074 0.0241337158477417 0.000542735295999241 0.0189138587488102 0.0132297789669946 0.106040789574834 0.00209965623483871 0.0118813389315679 0.0529605640628655 0.0155305474860824 0.0374980118250836 0.0454895868017108 
0.0241757926240065 0.00520502042438201 0.0367875246623461 0.0194999439822625 0.176538400767076 0.230569592923908 0.00853470019319039 0.00478154209523924 0.0897061481086945 0.022405214305687 0.127610083985122 0.00929314103675154 
0.0537018221466169 0.737407985418172 0.945438793482442 0.12508653386426 0.79860169014701 0.642026365450294 0.0314232286474927 0.861458347841944 0.568216481087066 0.614357066207571 0.349523167282815 0.801873547848748 

> ap
0.985285291363805 0.994456823278488 0.146696699960515 0.472129790118319 0.811641013404642 0.100755829700555 0.513129766312144 
0.0134049137855899 0.000288449322481023 0.0192729757892553 0.145286091536006 0.0023893999834134 0.0348264432674333 0.322778284310819 
0.00053324878682863 8.30845606290171e-005 0.0119736326210557 0.0188062042489798 0.176711261787574 0.00856669806216394 0.141272725230006 
0.000776546063776689 0.00517164283840235 0.822056691629173 0.363777914096695 0.00925832482436964 0.855851028969848 0.0228192241470323 

> bcd
0.181522955584564 0.172168797406574 0.78913401322579 0.990768482663073 0.0016390039752104 0.00239171603672197 0.136200887140917 
0.372943842063223 0.0310012347134177 0.00657401289792603 0.00368677945056576 0.00155318221559332 0.992698533874183 0.619638140529345 
0.0410559188470088 0.00852969794478561 0.175212851464531 0.00423780456730564 0.365421371589128 0.00450333877610927 0.0304346315926315 
0.404477283505204 0.788300269935223 0.0290791224117532 0.00130693331905514 0.631386442220069 0.00040641131298622 0.213726340737106 

> brk
0.0609260274834284 0.0788651150553054 0.00104077907787759 0.10546120368415 0.000187297728595746 0.0673022983243746 0.123483100326206 0.0290530422589371 
0.715370738391118 0.503911990080169 0.00421218854573429 0.00677634054518225 0.974709367389262 0.0238351305329967 0.737765254445279 0.374093596668777 
0.211450004065102 0.0196614629363779 0.994301590281228 0.805657012803892 0.0202216437177772 0.618354553829962 0.0168254271316595 0.07168618121114 
0.0122532300603522 0.397561431928148 0.000445442095160511 0.0821054429667758 0.00488169116436476 0.290508017312667 0.121926218096856 0.525167179861146 

> br-Z1
0.843625768903414 0.334512852138464 0.581585418048943 0.509600937203533 0.227972851472012 0.655058100164369 0.973501542158106 0.349127885295952 0.973102241848007 
0.145554614556764 0.0754162617852487 0.0430596926529657 0.0125918216228463 0.301264897010313 0.324666182242546 0.0190043786557281 0.0051336004222696 0.0182792767752626 
0.00075335357494617 0.0912317071463268 0.0656129970744276 0.0664495671401653 0.0685076916230967 0.00955128802346277 0.00406398306296187 0.00473314908970837 0.00215618602571738 
0.0100662629648761 0.49883917892996 0.309741892223664 0.411357674033455 0.402254559894578 0.0107244295696212 0.00343009612320405 0.64100536519207 0.00646229535101312 

> br-Z2
0.225755029833908 0.866533845905867 0.0247328095507045 0.0411916463644583 0.442710971553057 0.506083035435136 0.012040654833824 
0.00126334963112877 0.0150423554866568 0.0353907448507626 0.00873333793440074 0.0190308869761633 0.026588101213087 0.000979030990022314 
0.00380045101482022 0.0248177870952178 0.251736180677227 0.143228218224046 0.10501373376229 0.0307711614325373 0.00291949343442072 
0.769181169520143 0.0936060115122592 0.688140264921305 0.806846797477095 0.43324440770849 0.43655770191924 0.984060820741733 

> br-Z3
0.372103510266943 0.395221999742874 0.147107190464753 0.332503705545318 0.189265915469455 0.036558602461946 0.265365008599114 0.00419986695459932 0.539357573860854 0.0488420660332433 
0.0659218823113944 0.130994856077534 0.0048135905904358 0.00236778580638838 0.0155681976996829 0.015238153740378 0.0990634307334805 0.00135294950925759 0.0377255847439105 0.384000093114406 
0.0906562179048358 0.0144335769742417 0.0271541353889124 0.0349567804738539 0.767065017197658 0.000298912833570966 0.0294779221745914 0.0324634027236287 0.164799394238013 0.0215572479688112 
0.471318389516827 0.459349567205351 0.820925083555899 0.63017172817444 0.0281008696332035 0.947904330964105 0.606093638492814 0.961983780812514 0.258117447157222 0.545600592883539 

> cad
0.887305992598029 0.909996504224994 0.863240464703847 0.651830662687919 0.933884128726453 0.0139220297073217 0.00284665257231979 0.0150642088122121 
0.00801593796147278 0.0777968321139971 0.0237958389298415 0.000579654442801478 0.00396174791611176 0.057923558646448 0.025937533706811 0.0354183393972127 
0.0902620076998987 0.00163614212864929 0.0874074112338985 0.03322335754216 0.0541611132326102 0.00887682623426419 0.086702816012768 0.456634537312262 
0.014416061740599 0.0105705215323601 0.025556285132413 0.31436632532712 0.007993010124825 0.919277585411966 0.884512997708101 0.492882914478313 

> Deaf1
0.845273525900237 0.195442962202397 0.174870118346026 0.0295725724735644 0.384746646585472 0.00947480862981251 0.0392681095482529 0.00823676171433231 0.000269346890434762 0.00212737999579496 0.106892844361224 0.132363059305096 
0.0174373347576677 0.155541373673329 0.697943222820141 0.144788011142131 0.526342039234715 0.0153205602792304 0.0947376996122609 0.790997941043532 0.0229597013186737 0.0227318398531071 0.362138634203876 0.416111028186435 
0.0839679516661215 0.530541603886797 0.0114463298430602 0.638911530419842 0.0104212025335855 0.323414520967866 0.132799547149367 0.046436951403644 0.944640384798735 0.953653753674019 0.511569972572048 0.218447436845397 
0.0533211876759741 0.118474060237477 0.115740328990773 0.186727885964463 0.0784901116462274 0.651790110123092 0.733194643690119 0.154328345838492 0.0321305669921572 0.0214870264770794 0.0193985488628524 0.233078475663072 

> Dfd
0.728220716904058 0.782177422948346 0.00472418460543363 0.0218025511896427 0.98214619517305 
0.248158996865721 0.000369412703751137 0.000176880212274931 0.135049759476555 0.0133318433163869 
0.0138943877691499 0.000216346453826326 0.00409159762149365 0.0900568363627327 0.00206411615006219 
0.00972589846107099 0.217236817894077 0.991007337560798 0.75309085297107 0.00245784536050099 

> dl
0.0802828473259769 0.013036875258314 0.0801401637431297 0.74456469593688 0.336482146724798 0.00381431276051138 0.000224045430659021 0.000521481281435254 0.000938105994137147 0.0309543926057632 
0.361651226531279 0.0783530840995442 0.0577822681454734 0.0505761398812218 0.100521263421664 0.000977519321238062 7.42155627719543e-005 0.183444057091852 0.677680161215776 0.675567277576995 
0.129527132193749 0.841504487985616 0.548844541223945 0.20346407854194 0.0096263410763135 0.000133980166656417 0.000591803391611242 0.00526013036527909 0.0548450227601122 0.0992934215244643 
0.428538793948996 0.0671055526565257 0.313233026887451 0.00139508563995873 0.553370248777226 0.995074187751595 0.999109935614958 0.810774331261434 0.266536710029975 0.194184908292777 

> en
0.367210024493736 0.256306133863085 0.123723953286718 0.524243590918071 0.946154258489668 0.0980014004399771 0.0027478840568316 
0.00870437783764334 0.152731555634882 0.0364820393643611 0.122236331818101 0.0203463933642237 0.00341451809594912 0.00393931764364802 
0.190414921541663 0.0459113599859086 0.0213282256337539 0.0808388326054669 0.00470171466258683 0.00533657917523872 0.00647475813128381 
0.433670676126958 0.545050950516125 0.818465781715167 0.272681244658362 0.0287976334835208 0.893247502288835 0.986838040168236 

> eve
0.517934002987556 0.0156766029625557 0.382901868452266 0.962959514135133 0.0275388624047107 0.0297572352303412 0.152422804974779 
0.00251721445201503 0.146921838774881 0.0380350571590358 0.00430124014465862 0.00396174629468584 0.00486513247705143 0.0022025564765152 
0.0219169253321182 0.0075496828045003 0.250728994240918 0.00378804646598371 0.00537486273033828 0.108261190565825 0.341372106108053 
0.457631857228311 0.829851875458063 0.328334080147781 0.0289511992542247 0.963124528570265 0.857116441726782 0.504002532440653 

> hb
0.188084133231295 1.86454491352915e-006 0.00122116929865288 0.0590303224535307 0.00451673690008488 0.00180309845199672 0.492507498388972 0.208025064430583 0.0739387918373812 
0.109946354988549 0.000533826425971691 0.0781391635030836 0.0056578971534554 0.00298778091306264 0.00121160301802105 0.0655562311400665 0.208282450981246 0.141221617270837 
0.123119098121013 0.000815309733712146 0.0139925420511829 0.00252479203134227 0.00103871067694611 7.95822769095897e-005 0.241714370810534 0.103014798962349 0.48257366508089 
0.578850413659144 0.998648999295403 0.906647125147081 0.932786988361672 0.991456771509907 0.996905716253072 0.200221899660427 0.480677685625821 0.302265925810891 

> kni
0.287986378637701 0.668542829427644 0.591900447541033 0.998948352040449 0.972540290138714 0.954315315816888 
0.704023898987036 0.0330117627732099 0.000527912322101862 9.51704126940334e-005 0.000537085438455867 0.00600894079899649 
0.00261050905208039 0.161497922068819 0.0382359863982988 0.000857487116591537 0.0181358878148262 0.00413279228755379 
0.0053792133231825 0.136947485730328 0.369335653738566 9.89904302654066e-005 0.00878673660800366 0.0355429510965621 

> Kr
0.565040478578419 0.994466269693554 0.916535417773103 0.703612888224764 0.00423617234262675 0.175691272019504 0.200982838102287 0.00243734831988995 0.0508010854630391 0.570707375745479 
0.160871976116035 0.003193214354702 0.0729040129296694 0.167333690351694 1.11978816241205e-006 0.00142504505976338 0.047546409305102 0.00352037672532234 0.0822007695201513 0.0323868237317085 
0.261469444797386 0.00163538455020425 0.0028293781113443 0.095090648030164 0.995545519658642 0.819775848267999 0.749308245632912 0.0619358534127634 0.162048659844654 0.244202672322311 
0.0126181005081606 0.000705131401539712 0.00773119118588373 0.0339627733933777 0.000217188210569085 0.00310783465273376 0.00216250695969915 0.932106421542025 0.704949485172155 0.152703128200501 

> Mad
0.0090300405156008 0.000929176218102971 0.00335146752950766 0.0655464060673445 0.297240176306182 0.011641392184074 0.0851804271496836 0.0792122749573771 0.0375335114067121 0.104248541813933 0.0591185346530383 
0.893884656561374 0.385657290645449 0.0023846162080701 0.224082387890313 0.536114940073548 0.00121085691702318 0.264044741489574 0.70524804755155 0.192124387167056 0.881136033595 0.0613017728906721 
0.0540002588760362 0.0439956310159561 0.871833549630242 0.557352826635855 0.0408403155536976 0.961196387026891 0.18069641588744 0.134624034732259 0.611929169166521 0.00971190933735605 0.627618902332524 
0.0430850440469891 0.569417902120492 0.122430366632181 0.153018379406488 0.125804568066573 0.025951363872011 0.470078415473302 0.080915642758814 0.15841293225971 0.00490351525371086 0.251960790123766 

> ovo
0.0439889428274285 0.178423008420821 0.000832323954027629 0.00489612086842048 0.0381673183586251 0.845872180055692 0.169320481306131 0.408172302241392 0.0771675205582554 0.116266625721235 0.179142764613295 
0.906741730573859 0.417716300815261 0.0101837756676731 0.00353987043181032 0.000523659428303448 0.077001759629159 0.748268337468457 0.00835998876464345 0.0628801551646199 0.253749038332439 0.025143426712167 
0.0134713173860026 0.0323770648202271 0.98884998878833 0.0280919992965223 0.0967677427769685 0.0764040205918519 0.081371289262552 0.0411044469254341 0.182442228091662 0.134058410859525 0.17336651192378 
0.0357980092127097 0.37148362594369 0.000133911589968811 0.963472009403247 0.864541279436103 0.000722039723296758 0.00103989196285984 0.542363262068531 0.677510096185463 0.495925925086802 0.622347296750758 

> pan
0.626185605353381 0.951336236029331 0.971158013060165 0.889503955617584 0.667160361074928 0.00742091029818964 0.994625638143381 
0.295184862153539 0.0300749598894111 0.0254538602025198 0.0493094044893876 0.229253752773457 0.423809075166208 0.0012533718687206 
0.0374770619127315 0.00274675466765027 0.00315710160121906 0.0242598984107455 0.031365165759166 0.231621711085817 0.000428250551415695 
0.0411524705803486 0.0158420494136075 0.000231025136095622 0.0369267414822824 0.0722207203924491 0.337148303449785 0.003692739436483 

> prd
0.784993200113213 0.852408623846501 0.980714984944173 0.00920244983659415 0.0100986669134121 0.0607442886547613 
0.0649290120082836 0.125658755202311 0.00825279115892114 0.732331046025724 0.454413891165868 0.026405320445472 
0.127001839194929 0.00553520516266899 0.00231794060524527 0.08511607153052 0.0313116400374952 0.911637361155552 
0.0230759486835744 0.0163974157885188 0.00871428329166011 0.173350432607161 0.504175801883225 0.00121302974421416 

> slbo
0.00326635135055399 0.00268619125698374 0.1392311679721 0.673084617339085 0.303623676034046 0.015671024003385 0.244902268908369 0.171804064758987 
0.363673763874795 0.00714568405592655 0.0383557591892915 0.0110266630989447 0.00604467953749605 0.0216087305428143 0.0013076193812467 0.600666355755589 
0.00169109549858947 0.000418491871202617 0.618409772382631 0.00782555298249005 0.189681153612881 0.105448039509333 0.655210538644157 0.00817441453867817 
0.631368789276062 0.989749632815887 0.204003300455977 0.30806316657948 0.500650490815576 0.857272205944468 0.0985795730662277 0.219355164946746 

> tin
0.0119502634576986 0.0623915643302857 0.766691961205376 0.0122909572162169 0.0100246030693466 0.0138697980274015 0.217317490616116 0.870301511582074 0.061616646595887 0.512618515190651 
0.617745857072916 0.932851277752874 0.224904504565825 0.978925857230892 0.014805794804882 0.00483972363875333 0.011535875147499 0.0179245045446754 0.19927908588788 0.318319264650513 
0.342200016217069 0.00397254716607954 0.00767423889915932 0.00853663995512283 0.0172210547911889 0.00034661828828644 0.767363697759543 0.093410844187344 0.738009948701706 0.160187079539485 
0.0281038632523162 0.000784610750760121 0.000729295329639419 0.000246545597767405 0.957948547334583 0.980943860045559 0.00378293647684187 0.0183631396859066 0.00109431881452767 0.0088751406193508 

> tll
0.116911212163063 0.00208048212460826 0.395726988063275 0.706859587665765 0.103119140480056 0.0983435948093068 0.0149685737858193 0.0203220851137316 0.108536903803512 0.12114005435308 
0.12634080224658 0.0528685199426272 0.00211987939781888 0.0200880524597471 0.842880937578902 0.195542246334916 0.350857429149217 0.118150706271537 0.0382813522306014 0.00863995545961607 
0.0250922646903654 0.0607196520229995 0.39231984979694 0.00574998929809997 0.00158560246516073 0.0115015261961574 0.00547460904278796 0.00825597350600595 0.0758967901245717 0.171921872776574 
0.731655720899991 0.884331345909765 0.209833282741966 0.267302370576388 0.052414319475881 0.69461263265962 0.628699388022176 0.853271235108726 0.777284953841315 0.69829811741073 

> Trl
0.34264299166415 0.777461793270862 0.172517394618772 0.553008809984054 0.121266051081988 0.640579436382511 0.204403402687391 0.746867016486367 0.158825981160968 0.609606004393588 0.230548320762429 0.405459781045899 
0.0861680165226095 0.197862688414727 0.000586947512910305 0.21472169061131 0.102436880170168 0.166411652659716 0.0490079106961395 0.161080222472495 0.000884843909065432 0.321914559932359 0.00857867702834941 0.432315123302269 
0.551286465788034 0.0218424335623617 0.826409064985663 0.0714553078793309 0.611810796407814 0.184400398649178 0.744262111065065 0.00129843121247162 0.825759177660764 0.0434607212516067 0.748173602843383 0.0557475777545133 
0.019902526025206 0.00283308475204875 0.000486592882655005 0.160814191525305 0.164486272340031 0.00860851230859466 0.00232657555140481 0.0907543298286672 0.0145299972692031 0.0250187144224461 0.0126993993658385 0.106477517897319 

> twi
0.620176095457817 0.677147790045638 0.00232344417701983 0.976918566416979 0.0228728388338992 0.833296668984931 0.00164221708330759 0.0138963757150869 0.047880177474987 
0.228149664917572 0.00821341524245949 0.980295540866317 0.00903835852047461 0.468053879516022 0.00114779003706718 0.00955256392499917 0.000215600339539674 0.384140611882872 
0.0147907710721799 0.304570238202045 0.0146025278336528 0.00624865061520193 0.00578057160321765 0.156081773888698 0.0116079067538738 0.8075338722569 0.0362297201358105 
0.136883468552431 0.010068556509857 0.00277848712301013 0.00779442444734395 0.503292710046861 0.00947376708930401 0.977197312237819 0.178354151688473 0.53174949050633 

> Ubx
0.586814248467334 0.843277098806512 0.194462798450766 0.0658761736658788 0.538259629786278 0.0917354360399434 0.077314164424044 0.708245473089489 0.0787774616023614 0.199754125641043 0.427930989033096 0.4245691782124 
0.0747590265332198 0.00322402648065817 0.022663534762117 0.00346560552351894 0.0197743378707999 0.144313148279372 0.0983214281171872 0.0055764421544791 0.0501846723282319 0.0109870784701141 0.00793227586944597 0.151594822039872 
0.00780603146693269 0.000312364349511013 0.00088698117065673 0.138865273490852 0.0633797990814536 0.10849442555701 0.213317277274804 0.152976867366985 0.000142363726710745 0.100360234868125 0.00577257257563627 0.0132039548304994 
0.330620693532514 0.153186510363319 0.781986685616461 0.791792947319751 0.378586233261469 0.655456990123676 0.611047130183965 0.133201217389047 0.870895502342696 0.688898561020718 0.558364162521821 0.410632044917228 

> vvl
0.204111901268853 0.0550981915686498 0.149867065724522 0.0297652405940747 0.526355438881564 0.993397346279107 0.0167601239871211 0.432938250240329 
0.0111397898002861 0.0615759744500705 0.0276633603837628 0.0174313500707504 0.408210080204306 0.00142444457128368 0.0350601688077171 0.0412904044501528 
0.0535161916803951 0.244348254713224 0.0131394162040531 0.30966867532611 0.0299094095573515 0.00378432644945198 0.00908864267630045 0.136339217462689 
0.731232117250466 0.638977579268056 0.809330157687662 0.643134734009064 0.0355250713567788 0.00139388270015784 0.939091064528861 0.38943212784683 

> zen
0.728246030486145 0.0609674711549242 0.474645791745483 0.562972499878358 0.458370114092532 0.974553572189667 0.952560555394015 0.00899871918748711 0.629605037502782 0.921852745430163 0.680838285672873 
0.0569656586055649 0.0334757668139198 0.0556760718996271 0.00512703057617278 0.283943897664947 0.0142454994738317 0.00424434126070556 0.0228188220248732 0.0464014978503996 0.0689712005779447 0.0539913215572576 
0.000948137185929225 0.069931178965671 0.225854609116147 0.138768520770413 0.00613769240721652 0.0109835415986492 0.0296670426074542 0.000434991982670612 0.052112534826178 0.00463561972463616 0.0131956900683779 
0.213840173722361 0.835625583065485 0.243823527238743 0.293131948775056 0.251548295835305 0.000217386737851713 0.0135280607378257 0.967747466804969 0.27188092982064 0.00454043426725643 0.251974702701491 

> z
0.18549313100968 0.00287216295413016 0.953470002782845 0.0221490815157805 0.154683407866479 0.0148478160733008 
0.174685436431361 0.00451725918252281 0.00509447815250039 0.000678773978233873 0.231901136163263 0.123305489114861 
0.020140984671766 0.984967148196371 0.00562353768441425 0.977103560997696 0.000239575394532869 0.840004124516918 
0.619680447887194 0.00764342966697646 0.0358119813802409 6.85835082901478e-005 0.613175880575724 0.0218425702949201 

