> abd-A
25 16 8 29 34 7 0 
5 5 5 9 0 1 0 
8 0 4 0 3 0 0 
3 20 24 3 4 33 41 

> Antp
9 0 12 12 2 4 
0 0 0 0 1 0 
0 0 0 0 0 0 
3 12 0 0 9 8 

> ap
0 8 0 4 13 0 0 
3 0 2 2 0 0 0 
3 1 0 3 1 0 0 
8 5 12 5 0 14 14 

> bcd
16 13 17 6 31 0 1 35 17 
15 19 2 0 17 0 1 1 2 
7 12 28 41 0 0 0 3 18 
10 4 1 1 0 48 46 9 11 

> brk
1 0 0 0 1 1 0 0 
5 5 0 0 9 0 8 6 
4 0 10 10 0 9 0 0 
0 5 0 0 0 0 2 4 

> br-Z1
9 0 0 7 0 0 14 3 0 
2 0 0 0 2 3 1 3 7 
3 0 2 1 12 3 0 0 0 
3 17 15 9 3 11 2 11 10 

> br-Z2
5 20 7 5 13 16 
0 1 2 3 2 1 
0 0 10 2 0 2 
16 0 2 11 6 2 

> br-Z3
4 13 8 15 1 8 16 8 8 
0 3 0 0 12 0 0 0 0 
2 0 2 0 1 0 0 4 1 
10 0 6 1 2 8 0 4 7 

> br-Z4
0 6 8 1 0 8 2 1 
0 0 0 2 2 0 0 0 
0 0 0 1 0 0 2 0 
8 2 0 4 6 0 4 7 

> byn
7 6 3 0 2 1 0 8 0 
0 0 0 0 4 0 9 0 7 
0 0 2 1 0 7 0 1 0 
2 3 4 8 3 1 0 0 2 

> cad
4 2 5 2 10 11 5 
1 8 3 0 1 1 4 
6 3 2 0 0 0 2 
2 0 3 11 2 1 2 

> Deaf1
7 0 0 0 4 0 0 0 0 0 
2 1 7 3 4 0 0 9 1 0 
1 9 0 4 0 3 1 0 9 8 
0 0 3 3 2 7 9 1 0 2 

> Dfd
2 10 15 0 0 16 10 
6 5 0 0 0 0 1 
0 0 0 1 0 0 2 
8 1 1 15 16 0 3 

> dl
2 3 24 8 3 0 1 0 1 
3 1 1 3 0 0 6 27 33 
23 22 13 1 2 2 1 0 0 
10 12 0 26 33 36 30 11 4 

> Dref
6 1 7 3 0 1 9 0 7 3 
1 0 1 0 9 0 0 0 1 0 
0 1 0 0 0 8 0 0 1 6 
2 7 1 6 0 0 0 9 0 0 

> Eip74EF
6 2 5 1 0 0 0 0 0 
0 1 0 5 0 0 8 7 0 
1 1 1 1 0 0 0 0 2 
1 4 2 1 8 8 0 1 6 

> en
25 21 7 7 43 52 1 0 26 
5 1 13 9 0 0 3 1 2 
6 15 10 6 11 0 4 5 22 
20 19 26 34 2 4 48 50 6 

> eve
6 13 16 1 0 13 0 0 
0 0 0 4 4 0 0 0 
0 1 1 0 4 7 1 9 
14 6 3 15 12 0 19 11 

> ftz
12 3 36 64 4 2 14 15 12 
15 2 1 1 0 1 1 19 27 
2 1 10 1 4 32 29 18 2 
37 60 19 0 58 31 22 14 25 

> grh
2 0 0 1 0 0 0 
7 2 0 0 2 0 4 
0 0 6 7 0 0 1 
0 7 3 1 7 9 4 

> gt
2 0 1 0 0 7 
0 1 0 0 0 1 
0 1 0 0 0 0 
6 6 7 8 8 0 

> hb
0 0 0 1 1 33 
3 1 5 0 1 3 
1 1 0 0 0 12 
99 101 98 102 101 55 

> kni
19 19 32 23 7 0 14 5 27 12 4 16 20 
2 3 0 3 14 1 2 3 2 8 23 3 8 
7 5 0 0 4 7 16 25 4 8 2 11 5 
5 6 1 7 8 25 1 0 0 5 4 3 0 

> Kr
31 39 1 1 3 5 1 0 4 
4 3 34 38 40 4 0 3 9 
5 0 4 2 0 8 8 4 6 
5 3 6 4 2 28 36 38 26 

> Mad
0 0 1 0 0 1 3 2 1 
6 2 2 19 0 9 9 1 14 
4 17 7 0 19 5 4 15 3 
9 0 9 0 0 4 3 1 1 

> Med
0 5 0 0 0 0 0 6 2 0 
7 1 4 3 5 1 8 2 0 4 
1 2 4 4 3 7 0 0 5 0 
0 0 0 1 0 0 0 0 1 4 

> ovo
7 0 2 0 1 0 11 
2 12 6 0 0 0 0 
1 0 0 12 0 0 1 
2 0 4 0 11 12 0 

> pan
3 17 4 2 23 23 22 
5 0 4 20 0 1 0 
8 1 0 1 0 0 1 
9 7 17 2 2 1 2 

> prd
3 7 0 0 7 1 1 6 1 
3 0 0 0 0 1 9 0 10 
4 2 0 1 3 3 1 5 0 
1 2 11 10 1 6 0 0 0 

> sd
8 14 12 5 0 12 10 15 0 2 0 0 10 
8 0 1 5 1 1 4 0 1 0 8 7 1 
3 0 1 2 15 3 2 1 0 4 4 8 0 
0 5 5 7 3 3 3 3 18 13 7 4 8 

> slbo
5 10 11 4 7 12 6 2 6 0 
6 1 0 1 3 0 0 8 0 0 
0 0 1 0 2 0 2 0 1 8 
1 1 0 7 0 0 4 2 5 4 

> sna
0 5 10 1 1 0 0 1 0 
7 5 1 10 5 0 1 6 2 
3 0 0 0 0 0 10 0 2 
1 1 0 0 5 11 0 4 7 

> tin
0 10 0 0 0 2 10 1 
11 1 11 0 0 1 0 2 
0 0 0 0 0 8 1 8 
0 0 0 11 11 0 0 0 

> tll
2 0 18 28 1 2 1 3 3 
4 7 1 1 26 8 4 5 8 
5 0 17 6 1 0 4 1 7 
26 30 1 2 9 27 28 28 19 

> Trl
23 63 16 31 2 36 25 51 11 65 11 32 39 40 
9 9 7 14 6 24 12 7 3 12 2 33 8 2 
39 3 51 8 55 13 37 10 58 0 62 5 23 18 
6 2 3 24 14 4 3 9 5 0 2 7 7 17 

> ttk
0 3 7 0 0 8 0 3 
3 5 0 0 0 0 5 5 
4 0 1 8 8 0 0 0 
1 0 0 0 0 0 3 0 

> twi
1 11 0 5 0 0 0 0 3 
13 1 1 1 0 0 1 0 4 
0 3 3 8 0 15 3 5 7 
1 0 11 1 15 0 11 10 1 

> Ubx
26 23 8 42 58 8 4 
12 11 7 10 0 0 1 
5 2 1 0 1 0 6 
17 24 44 8 1 52 49 

> vvl
0 2 5 5 0 11 6 
0 0 6 0 0 0 0 
0 7 0 1 1 0 0 
11 2 0 5 10 0 5 

> zen
2 0 1 9 11 0 0 
0 0 0 0 0 0 1 
0 0 0 0 1 0 6 
10 12 11 3 0 12 5 

> z
11 2 0 41 0 7 1 
3 8 0 0 0 10 5 
4 3 41 0 41 0 30 
23 28 0 0 0 24 5 

