> Ap1
3 0 0 10 2 0 0 9 0 
2 0 0 0 4 0 10 0 0 
4 0 9 0 2 0 0 0 8 
1 10 1 0 2 10 0 1 2 

> AT
3 0 0 0 0 0 0 0 5 0 
0 0 0 5 0 0 0 5 0 0 
0 0 0 0 3 0 0 0 0 0 
2 5 5 0 2 5 5 0 0 5 

> bcd
5 6 6 33 34 0 0 1 4 
12 12 0 0 0 2 34 27 12 
11 5 0 1 0 3 0 2 11 
6 11 28 0 0 29 0 4 7 

> brk
1 0 0 1 0 1 1 0 
6 4 0 0 11 0 9 6 
4 0 11 10 0 10 0 1 
0 7 0 0 0 0 1 4 

> cad
2 1 0 0 0 9 0 0 2 
2 3 0 0 0 0 0 0 0 
1 1 0 0 2 0 2 11 7 
6 6 11 11 9 2 9 0 2 

> dl
2 0 22 73 47 8 0 0 0 2 
14 2 5 7 2 0 6 65 112 86 
68 105 84 18 7 0 5 2 0 15 
28 5 1 14 56 104 101 45 0 9 

> ems
3 0 0 2 0 1 3 0 1 2 1 
0 1 0 0 0 0 0 0 0 0 2 
0 1 2 0 0 0 0 1 2 0 0 
0 1 1 1 3 2 0 2 0 1 0 

> E(spl)
0 4 0 1 1 0 1 0 4 0 2 
4 0 2 1 1 0 1 4 0 4 0 
0 0 1 1 1 4 2 0 0 0 2 
0 0 1 1 1 0 0 0 0 0 0 

> grh
2 4 0 0 0 0 0 0 
0 0 5 8 0 0 4 2 
2 1 1 0 0 7 3 1 
4 3 2 0 8 1 1 5 

> gt
7 1 0 6 0 0 5 0 2 0 
0 0 0 1 0 0 1 6 0 2 
0 0 0 0 0 1 3 2 4 2 
2 8 9 2 9 8 0 1 3 5 

> hb
5 1 1 1 3 18 12 0 
2 1 0 2 0 3 6 2 
4 0 0 0 0 0 0 38 
32 41 42 40 40 22 25 3 

> hkb
0 0 0 0 0 0 0 0 1 
0 0 0 0 2 0 0 0 0 
1 2 2 2 0 2 0 0 1 
1 0 0 0 0 0 2 2 0 

> kni
1 1 2 7 8 3 6 5 8 
1 1 0 1 0 5 1 0 0 
6 6 6 0 0 0 1 1 0 
0 0 0 0 0 0 0 2 0 

> Kr
4 17 18 0 1 0 3 3 1 
5 3 2 13 19 19 2 0 5 
1 0 0 0 0 1 4 3 1 
11 1 1 8 1 1 12 15 14 

> Mef2
0 0 36 0 0 2 11 0 35 14 
10 0 0 0 0 0 0 0 0 0 
7 0 0 0 0 0 0 0 1 22 
19 36 0 36 36 34 25 36 0 0 

> pan
1 1 0 3 3 10 5 
9 0 0 1 0 1 1 
3 0 0 0 12 3 1 
2 14 15 11 0 1 8 

> Pnt
10 1 2 1 1 16 14 7 
1 12 12 0 0 0 0 0 
1 2 1 14 15 0 0 8 
4 1 1 1 0 0 2 1 

> prd
0 148 166 0 0 48 121 46 19 80 
1 0 0 0 57 5 15 9 10 3 
6 18 0 1 0 109 27 4 3 8 
159 0 0 165 109 4 3 107 134 75 

> Run
0 0 0 0 0 0 0 
1 0 7 0 0 0 1 
7 12 1 12 12 0 9 
4 0 4 0 0 12 2 

> shn
0 0 0 100 47 0 0 0 0 0 0 7 
0 0 0 0 13 93 0 0 7 100 100 80 
100 100 80 0 0 0 80 7 0 0 0 0 
0 0 20 0 40 7 20 93 93 0 0 13 

> slp1
42 216 1 379 437 439 0 439 51 40 
8 0 69 60 0 0 75 0 0 6 
33 223 0 0 2 0 0 0 4 7 
356 0 369 0 0 0 364 0 384 386 

> sna
5 0 12 4 1 1 1 1 
0 12 0 0 0 0 1 3 
6 0 0 7 11 1 6 7 
1 0 0 1 0 10 4 1 

> Su(H)
1 1 0 0 6 0 18 18 7 
10 0 0 0 0 0 0 0 9 
1 16 0 18 11 18 0 0 0 
6 1 18 0 1 0 0 0 2 

> Tag
0 29 0 0 0 30 4 
24 0 0 1 6 0 1 
0 0 30 29 1 0 23 
6 1 0 0 23 0 2 

> tin
2 0 7 2 0 0 3 5 
1 7 0 5 1 0 2 1 
3 0 0 0 0 0 2 1 
1 0 0 0 6 7 0 0 

> tll
6 6 6 2 0 0 6 2 6 
0 0 0 0 0 2 0 1 0 
0 0 0 4 0 2 0 2 0 
0 0 0 0 6 2 0 1 0 

> ttk
2 0 3 8 0 0 9 0 3 
3 4 5 0 0 0 0 5 6 
4 4 1 1 9 9 0 1 0 
0 1 0 0 0 0 0 3 0 

> twi
0 21 0 19 0 4 0 
21 0 21 0 0 2 4 
0 0 0 0 0 12 0 
0 0 0 2 21 3 17 

> vnd
3 1 0 19 19 2 1 1 
7 0 14 0 0 0 0 0 
5 1 2 0 0 17 0 18 
4 17 3 0 0 0 18 0 

> zen
6 3 4 1 12 13 1 0 1 4 
1 0 2 0 0 0 1 0 3 2 
1 4 0 0 0 0 0 7 9 5 
6 7 8 13 2 1 12 7 1 3 

