> Abd-B
0.222222222222222 0.129032258064516 0.194444444444444 0.025 0.0952380952380952 0.209302325581395 0.688888888888889 0.155555555555556 0.533333333333333 0.743589743589744 0.777777777777778 0.205882352941176 0.103448275862069 0.125 
0.259259259259259 0.258064516129032 0.305555555555556 0.15 0.571428571428571 0.697674418604651 0.0222222222222222 0.0 0.177777777777778 0.102564102564103 0.194444444444444 0.264705882352941 0.379310344827586 0.333333333333333 
0.333333333333333 0.258064516129032 0.277777777777778 0.8 0.0952380952380952 0.0465116279069767 0.155555555555556 0.0444444444444444 0.0444444444444444 0.0512820512820513 0.0277777777777778 0.264705882352941 0.413793103448276 0.208333333333333 
0.185185185185185 0.354838709677419 0.222222222222222 0.025 0.238095238095238 0.0465116279069767 0.133333333333333 0.8 0.244444444444444 0.102564102564103 0.0 0.264705882352941 0.103448275862069 0.333333333333333 

> Adf1
0.0 0.0 0.0 0.0 0.0 0.0 0.0 0.0 0.0 0.0 0.0 0.333333333333333 
0.0 1.0 0.0 0.5 1.0 0.5 0.0 1.0 0.5 0.0 0.5 0.333333333333333 
1.0 0.0 0.0 0.5 0.0 0.0 0.5 0.0 0.0 1.0 0.0 0.0 
0.0 0.0 1.0 0.0 0.0 0.5 0.5 0.0 0.5 0.0 0.5 0.333333333333333 

> Aef1
0.0 1.0 1.0 0.0 1.0 1.0 
1.0 0.0 0.0 1.0 0.0 0.0 
0.0 0.0 0.0 0.0 0.0 0.0 
0.0 0.0 0.0 0.0 0.0 0.0 

> ap
0.0 1.0 1.0 0.0 0.25 0.25 
0.0 0.0 0.0 0.0 0.25 0.25 
0.0 0.0 0.0 0.0 0.25 0.25 
1.0 0.0 0.0 1.0 0.25 0.25 

> bab1
0.272727272727273 0.5 0.666666666666667 0.6 0.333333333333333 0.7 0.222222222222222 0.6 0.555555555555556 0.2 0.111111111111111 0.0 
0.0 0.2 0.0 0.0 0.111111111111111 0.0 0.0 0.0 0.0 0.1 0.111111111111111 0.0 
0.0909090909090909 0.1 0.0 0.0 0.0 0.0 0.0 0.0 0.0 0.1 0.333333333333333 0.666666666666667 
0.636363636363636 0.2 0.333333333333333 0.4 0.555555555555556 0.3 0.777777777777778 0.4 0.444444444444444 0.6 0.444444444444444 0.333333333333333 

> bcd
0.208333333333333 0.208333333333333 0.25 0.0833333333333333 0.0416666666666667 1.0 1.0 0.0833333333333333 0.0416666666666667 0.0416666666666667 0.208333333333333 
0.458333333333333 0.416666666666667 0.333333333333333 0.541666666666667 0.0833333333333333 0.0 0.0 0.0 0.833333333333333 0.833333333333333 0.291666666666667 
0.291666666666667 0.291666666666667 0.291666666666667 0.208333333333333 0.0 0.0 0.0 0.125 0.0416666666666667 0.0416666666666667 0.25 
0.0416666666666667 0.0833333333333333 0.125 0.166666666666667 0.875 0.0 0.0 0.791666666666667 0.0833333333333333 0.0833333333333333 0.25 

> bin
0.5 0.0 1.0 1.0 1.0 0.0 1.0 
0.0 0.0 0.0 0.0 0.0 0.0 0.0 
0.5 0.0 0.0 0.0 0.0 0.0 0.0 
0.0 1.0 0.0 0.0 0.0 1.0 0.0 

> brk
0.0 0.0 0.0 0.0 0.0 0.0 0.0 
0.0 0.0 0.0 1.0 0.0 0.583333333333333 0.25 
0.0833333333333333 1.0 1.0 0.0 1.0 0.0 0.0 
0.916666666666667 0.0 0.0 0.0 0.0 0.416666666666667 0.75 

> br-Z1
0.0 1.0 1.0 0.5 0.5 0.5 1.0 0.0 1.0 1.0 0.5 0.5 
0.0 0.0 0.0 0.0 0.0 0.0 0.0 1.0 0.0 0.0 0.0 0.0 
0.0 0.0 0.0 0.0 0.0 0.5 0.0 0.0 0.0 0.0 0.5 0.0 
1.0 0.0 0.0 0.5 0.5 0.0 0.0 0.0 0.0 0.0 0.0 0.5 

> br-Z2
0.0 0.0 0.5 0.5 0.0 0.0 1.0 0.0 0.0 0.0 
0.0 0.0 0.0 0.0 1.0 0.0 0.0 0.0 0.0 0.0 
0.0 0.0 0.0 0.0 0.0 0.0 0.0 0.0 0.0 0.0 
1.0 1.0 0.5 0.5 0.0 1.0 0.0 1.0 1.0 1.0 

> br-Z3
0.5 0.0 0.5 0.5 0.0 0.0 0.0 0.0 0.5 
0.0 0.5 0.0 0.0 0.0 0.0 0.0 0.0 0.0 
0.0 0.0 0.0 0.0 1.0 0.0 0.0 0.0 0.0 
0.5 0.5 0.5 0.5 0.0 1.0 1.0 1.0 0.5 

> br-Z4
0.5 0.0 1.0 1.0 1.0 0.0 1.0 
0.0 0.0 0.0 0.0 0.0 0.5 0.0 
0.5 0.5 0.0 0.0 0.0 0.5 0.0 
0.0 0.5 0.0 0.0 0.0 0.0 0.0 

> byn
1.0 0.5 0.0 0.0 0.0 0.0 0.25 1.0 0.25 0.5 0.5 0.0 
0.0 0.0 0.0 0.0 0.0 0.5 0.25 0.0 0.25 0.0 0.0 0.5 
0.0 0.5 1.0 0.0 1.0 0.0 0.25 0.0 0.25 0.0 0.0 0.0 
0.0 0.0 0.0 1.0 0.0 0.5 0.25 0.0 0.25 0.5 0.5 0.5 

> cad
0.0 1.0 0.0 1.0 1.0 1.0 
1.0 0.0 0.0 0.0 0.0 0.0 
0.0 0.0 0.0 0.0 0.0 0.0 
0.0 0.0 1.0 0.0 0.0 0.0 

> Cf2
0.33 0.0 0.94 0.0 0.94 0.01 0.51 0.02 0.63 
0.15 0.06 0.0 0.08 0.02 0.04 0.03 0.13 0.06 
0.51 0.0 0.06 0.04 0.04 0.0 0.41 0.02 0.26 
0.01 0.94 0.0 0.88 0.0 0.95 0.05 0.83 0.05 

> croc
0.666666666666667 0.0 1.0 1.0 0.8 1.0 
0.0 0.0 0.0 0.0 0.2 0.0 
0.333333333333333 0.0 0.0 0.0 0.0 0.0 
0.0 1.0 0.0 0.0 0.0 0.0 

> dif/Rel
0.09 0.0 0.0 0.0 1.0 0.56 0.0 0.0 0.16 0.03 0.16 
0.0 0.0 0.0 0.0 0.0 0.0 0.03 1.0 0.84 0.94 0.5 
0.88 1.0 1.0 1.0 0.0 0.0 0.0 0.0 0.0 0.0 0.09 
0.03 0.0 0.0 0.0 0.0 0.44 0.97 0.0 0.0 0.03 0.25 

> Dip3
0.04 0.0384615384615385 0.461538461538462 0.192307692307692 0.346153846153846 0.0769230769230769 0.115384615384615 0.346153846153846 0.192307692307692 0.269230769230769 0.0769230769230769 0.0476190476190476 
0.64 0.730769230769231 0.115384615384615 0.423076923076923 0.192307692307692 0.576923076923077 0.653846153846154 0.115384615384615 0.0769230769230769 0.192307692307692 0.653846153846154 0.666666666666667 
0.08 0.0384615384615385 0.115384615384615 0.307692307692308 0.269230769230769 0.0384615384615385 0.0384615384615385 0.153846153846154 0.269230769230769 0.307692307692308 0.0384615384615385 0.19047619047619 
0.24 0.192307692307692 0.307692307692308 0.0769230769230769 0.192307692307692 0.307692307692308 0.192307692307692 0.384615384615385 0.461538461538462 0.230769230769231 0.230769230769231 0.0952380952380952 

> dl-B
0.06 0.37 0.03 0.53 0.73 0.27 0.17 0.0 0.0 0.0 0.23 
0.3 0.07 0.0 0.0 0.0 0.0 0.0 1.0 1.0 0.97 0.6 
0.47 0.56 0.94 0.27 0.0 0.03 0.0 0.0 0.0 0.03 0.04 
0.17 0.0 0.03 0.2 0.27 0.7 0.83 0.0 0.0 0.0 0.13 

> dl-A
0.0 0.0 0.0 0.181818181818182 0.181818181818182 0.0769230769230769 0.0 0.0 0.0454545454545455 0.0 0.227272727272727 
0.0909090909090909 0.0 0.0 0.0909090909090909 0.0454545454545455 0.0 0.0 0.0 0.954545454545455 1.0 0.363636363636364 
0.818181818181818 1.0 1.0 0.0 0.0 0.0 0.0 0.0 0.0 0.0 0.318181818181818 
0.0909090909090909 0.0 0.0 0.727272727272727 0.772727272727273 0.923076923076923 1.0 1.0 0.0 0.0 0.0909090909090909 

> Dref
0.0 1.0 0.0 0.0 0.0 1.0 0.0 1.0 
0.0 0.0 0.0 1.0 0.0 0.0 0.0 0.0 
0.0 0.0 0.0 0.0 1.0 0.0 0.0 0.0 
1.0 0.0 1.0 0.0 0.0 0.0 1.0 0.0 

> dsx
0.0869565217391304 0.130434782608696 0.48 0.423076923076923 0.148148148148148 1.0 0.0303030303030303 0.878787878787879 1.0 0.181818181818182 0.0303030303030303 0.0 0.451612903225806 0.266666666666667 0.0 0.269230769230769 0.192307692307692 
0.260869565217391 0.260869565217391 0.08 0.269230769230769 0.333333333333333 0.0 0.878787878787879 0.0 0.0 0.0 0.0606060606060606 0.03125 0.0967741935483871 0.1 0.518518518518518 0.192307692307692 0.269230769230769 
0.391304347826087 0.130434782608696 0.44 0.115384615384615 0.222222222222222 0.0 0.0303030303030303 0.0 0.0 0.0303030303030303 0.848484848484849 0.0 0.193548387096774 0.266666666666667 0.222222222222222 0.230769230769231 0.230769230769231 
0.260869565217391 0.478260869565217 0.0 0.192307692307692 0.296296296296296 0.0 0.0606060606060606 0.121212121212121 0.0 0.787878787878788 0.0606060606060606 0.96875 0.258064516129032 0.366666666666667 0.259259259259259 0.307692307692308 0.307692307692308 

> EcR/usp
0.25 0.67 0.0 0.0 0.0 0.0 1.0 0.63 0.0 0.04 0.7 0.21 0.21 0.04 0.04 
0.17 0.04 0.0 0.0 0.0 0.79 0.0 0.08 0.08 0.0 0.13 0.79 0.75 0.38 0.75 
0.58 0.29 1.0 0.83 0.0 0.0 0.0 0.08 0.04 0.96 0.13 0.0 0.0 0.04 0.04 
0.0 0.0 0.0 0.17 1.0 0.21 0.0 0.21 0.88 0.0 0.04 0.0 0.04 0.54 0.17 

> Eip74EF
0.285714285714286 0.214285714285714 0.733333333333333 0.6875 0.117647058823529 0.117647058823529 0.294117647058824 0.0 0.0 1.0 1.0 0.294117647058824 0.0666666666666667 0.2 0.333333333333333 0.142857142857143 0.166666666666667 
0.357142857142857 0.214285714285714 0.0666666666666667 0.0 0.411764705882353 0.705882352941177 0.705882352941177 0.0 0.0 0.0 0.0 0.0588235294117647 0.133333333333333 0.133333333333333 0.2 0.0714285714285714 0.25 
0.142857142857143 0.428571428571429 0.133333333333333 0.125 0.117647058823529 0.117647058823529 0.0 1.0 1.0 0.0 0.0 0.588235294117647 0.0666666666666667 0.466666666666667 0.266666666666667 0.428571428571429 0.5 
0.214285714285714 0.142857142857143 0.0666666666666667 0.1875 0.352941176470588 0.0588235294117647 0.0 0.0 0.0 0.0 0.0 0.0588235294117647 0.733333333333333 0.2 0.2 0.357142857142857 0.0833333333333333 

> ems
1.0 1.0 0.25 0.0 0.25 0.0 1.0 1.0 0.0 0.0 1.0 0.0 1.0 
0.0 0.0 0.25 0.0 0.25 0.0 0.0 0.0 0.0 0.0 0.0 1.0 0.0 
0.0 0.0 0.25 0.0 0.25 0.0 0.0 0.0 0.0 1.0 0.0 0.0 0.0 
0.0 0.0 0.25 1.0 0.25 1.0 0.0 0.0 1.0 0.0 0.0 0.0 0.0 

> en
0.0388349514563107 1.0 1.0 0.0188679245283019 0.0288461538461538 0.647727272727273 
0.029126213592233 0.0 0.0 0.0 0.0192307692307692 0.0 
0.0 0.0 0.0 0.0 0.0673076923076923 0.238636363636364 
0.932038834951456 0.0 0.0 0.981132075471698 0.884615384615385 0.113636363636364 

> esg
0.262626262626263 0.35 0.47 0.0202020202020202 1.0 0.07 0.0 0.0 0.03 0.09 0.333333333333333 0.2 
0.262626262626263 0.15 0.08 0.95959595959596 0.0 0.0 0.0 0.0 0.05 0.44 0.202020202020202 0.28 
0.212121212121212 0.35 0.34 0.0 0.0 0.91 1.0 0.0 0.92 0.22 0.232323232323232 0.32 
0.262626262626263 0.15 0.11 0.0202020202020202 0.0 0.02 0.0 1.0 0.0 0.25 0.232323232323232 0.2 

> eve
1.0 0.0 0.0 0.0 1.0 1.0 0.5 0.0 0.0 1.0 
0.0 0.0 0.0 0.0 0.0 0.0 0.0 0.0 0.0 0.0 
0.0 0.5 0.0 0.0 0.0 0.0 0.0 0.0 1.0 0.0 
0.0 0.5 1.0 1.0 0.0 0.0 0.5 1.0 0.0 0.0 

> eyg
0.15 0.42 0.33 0.08 0.45 0.23 0.0 0.0 1.0 0.02 0.0 0.01 0.73 0.2 0.14 0.38 0.21 0.23 0.16 
0.15 0.29 0.07 0.11 0.05 0.3 0.12 0.87 0.0 0.98 0.0 0.26 0.03 0.18 0.15 0.27 0.37 0.04 0.37 
0.42 0.26 0.45 0.21 0.43 0.18 0.05 0.03 0.0 0.0 0.0 0.73 0.24 0.42 0.16 0.3 0.15 0.43 0.18 
0.28 0.03 0.15 0.6 0.07 0.29 0.83 0.1 0.0 0.0 1.0 0.0 0.0 0.2 0.55 0.05 0.27 0.3 0.29 

> ftz
0.285714285714286 0.238095238095238 0.285714285714286 0.0952380952380952 0.0 1.0 1.0 0.0 0.0 0.476190476190476 0.142857142857143 0.333333333333333 0.19047619047619 
0.19047619047619 0.333333333333333 0.142857142857143 0.333333333333333 0.0 0.0 0.0 0.0476190476190476 0.0952380952380952 0.0476190476190476 0.428571428571429 0.428571428571429 0.19047619047619 
0.380952380952381 0.238095238095238 0.523809523809524 0.142857142857143 0.0 0.0 0.0 0.0 0.761904761904762 0.333333333333333 0.238095238095238 0.0952380952380952 0.238095238095238 
0.142857142857143 0.19047619047619 0.0476190476190476 0.428571428571429 1.0 0.0 0.0 0.952380952380952 0.142857142857143 0.142857142857143 0.19047619047619 0.142857142857143 0.380952380952381 

> gcm
0.866666666666667 0.0 0.0625 0.0 0.0208333333333333 0.0 0.0208333333333333 0.0 
0.0222222222222222 0.0 0.0 0.979166666666667 0.0 0.0 0.0 0.32258064516129 
0.0888888888888889 0.0 0.916666666666667 0.0208333333333333 0.875 1.0 0.979166666666667 0.0 
0.0222222222222222 1.0 0.0208333333333333 0.0 0.104166666666667 0.0 0.0 0.67741935483871 

> grh
0.0 0.25 1.0 1.0 0.0 0.0 0.0 0.0 0.0 0.0 0.0 0.0 0.0 0.0 0.0 0.0 
0.5 0.25 0.0 0.0 1.0 0.5 0.0 0.0 0.0 0.5 0.5 0.0 0.0 1.0 0.0 0.0 
0.0 0.25 0.0 0.0 0.0 0.0 1.0 1.0 0.0 0.0 0.0 0.0 1.0 0.0 1.0 1.0 
0.5 0.25 0.0 0.0 0.0 0.5 0.0 0.0 1.0 0.5 0.5 1.0 0.0 0.0 0.0 0.0 

> hb
0.0 0.0 0.0 0.0 0.0 0.0 1.0 0.0 0.0 0.0 
0.0 0.0 0.0 0.0 0.0 0.0 0.0 0.0 0.0 0.5 
0.0 0.0 0.0 0.0 0.0 0.0 0.0 0.0 0.5 0.5 
1.0 1.0 1.0 1.0 1.0 1.0 0.0 1.0 0.5 0.0 

> Hr46
0.0 0.0 0.0 0.0 0.0 1.0 
0.0 0.0 0.0 0.0 1.0 0.0 
1.0 1.0 1.0 0.0 0.0 0.0 
0.0 0.0 0.0 1.0 0.0 0.0 

> h
0.2 0.262626262626263 0.12 0.19 0.0 0.801980198019802 0.0 0.0303030303030303 0.0 0.0 0.36 0.0495049504950495 0.47 0.151515151515152 
0.3 0.303030303030303 0.16 0.15 0.96 0.118811881188119 1.0 0.0 0.83 0.12 0.41 0.613861386138614 0.21 0.151515151515152 
0.35 0.262626262626263 0.56 0.58 0.0 0.0 0.0 0.939393939393939 0.07 0.71 0.18 0.237623762376238 0.11 0.313131313131313 
0.15 0.171717171717172 0.16 0.08 0.04 0.0792079207920792 0.0 0.0303030303030303 0.1 0.17 0.05 0.099009900990099 0.21 0.383838383838384 

> Kr
1.0 1.0 0.0 0.0 0.0 0.0 0.0 0.0 1.0 1.0 
0.0 0.0 1.0 0.0 0.0 0.0 0.0 0.0 0.0 0.0 
0.0 0.0 0.0 1.0 1.0 1.0 0.0 0.0 0.0 0.0 
0.0 0.0 0.0 0.0 0.0 0.0 1.0 1.0 0.0 0.0 

> mirr
0.363636363636364 0.493506493506494 0.506493506493506 0.558441558441558 0.636363636363636 0.012987012987013 0.584415584415584 0.038961038961039 0.246753246753247 0.103896103896104 0.12987012987013 0.142857142857143 0.311688311688312 0.428571428571429 0.506493506493506 
0.142857142857143 0.116883116883117 0.0 0.051948051948052 0.0779220779220779 0.805194805194805 0.051948051948052 0.38961038961039 0.0 0.220779220779221 0.298701298701299 0.0779220779220779 0.168831168831169 0.337662337662338 0.142857142857143 
0.363636363636364 0.0779220779220779 0.0 0.116883116883117 0.142857142857143 0.181818181818182 0.038961038961039 0.246753246753247 0.558441558441558 0.0909090909090909 0.571428571428571 0.168831168831169 0.181818181818182 0.12987012987013 0.116883116883117 
0.12987012987013 0.311688311688312 0.493506493506494 0.272727272727273 0.142857142857143 0.0 0.324675324675325 0.324675324675325 0.194805194805195 0.584415584415584 0.0 0.61038961038961 0.337662337662338 0.103896103896104 0.233766233766234 

> oc
0.296296296296296 0.222222222222222 0.222222222222222 0.181818181818182 0.0 1.0 1.0 0.0 0.0 0.0740740740740741 0.037037037037037 0.222222222222222 0.222222222222222 
0.296296296296296 0.555555555555556 0.333333333333333 0.5 0.0 0.0 0.0 0.0 1.0 0.888888888888889 0.37037037037037 0.296296296296296 0.185185185185185 
0.222222222222222 0.148148148148148 0.333333333333333 0.0454545454545455 0.0 0.0 0.0 0.185185185185185 0.0 0.037037037037037 0.481481481481481 0.185185185185185 0.185185185185185 
0.185185185185185 0.0740740740740741 0.111111111111111 0.272727272727273 1.0 0.0 0.0 0.814814814814815 0.0 0.0 0.111111111111111 0.296296296296296 0.407407407407407 

> ovo
0.45 0.0 0.238095238095238 0.0 0.0 0.0 0.619047619047619 0.0952380952380952 0.285714285714286 
0.1 1.0 0.142857142857143 0.0 0.0 0.0 0.0952380952380952 0.666666666666667 0.0 
0.2 0.0 0.238095238095238 1.0 0.0 0.0 0.0952380952380952 0.19047619047619 0.19047619047619 
0.25 0.0 0.380952380952381 0.0 1.0 1.0 0.19047619047619 0.0476190476190476 0.523809523809524 

> pan
1.0 1.0 0.0 1.0 0.0 0.0 1.0 1.0 1.0 0.0 0.0 
0.0 0.0 0.0 0.0 0.0 1.0 0.0 0.0 0.0 0.0 0.0 
0.0 0.0 1.0 0.0 0.0 0.0 0.0 0.0 0.0 1.0 1.0 
0.0 0.0 0.0 0.0 1.0 0.0 0.0 0.0 0.0 0.0 0.0 

> pho
0.0 0.0 0.0 1.0 0.0 0.0 
0.0 1.0 1.0 0.0 0.0 0.0 
1.0 0.0 0.0 0.0 0.0 0.0 
0.0 0.0 0.0 0.0 1.0 1.0 

> pnr
1.0 0.2 0.333333333333333 0.202020202020202 0.2 0.111111111111111 0.26 0.0 1.0 0.0 1.0 0.702970297029703 0.0 0.13 0.33 0.23 0.25 0.08 
0.0 0.2 0.252525252525253 0.131313131313131 0.13 0.333333333333333 0.32 0.0 0.0 0.0 0.0 0.099009900990099 0.21 0.31 0.07 0.23 0.25 0.25 
0.0 0.2 0.0808080808080808 0.333333333333333 0.27 0.333333333333333 0.0 1.0 0.0 0.0 0.0 0.099009900990099 0.63 0.5 0.4 0.31 0.33 0.25 
0.0 0.4 0.333333333333333 0.333333333333333 0.4 0.222222222222222 0.42 0.0 0.0 1.0 0.0 0.099009900990099 0.16 0.06 0.2 0.23 0.17 0.42 

> prd-HD
0.0 0.448275862068966 0.0 0.931034482758621 1.0 0.0 0.0 0.0 1.0 0.0 0.0 0.931034482758621 0.172413793103448 0.103448275862069 
0.241379310344828 0.241379310344828 0.0 0.0 0.0 0.0 0.517241379310345 0.0 0.0 0.0 0.0344827586206897 0.0 0.172413793103448 0.448275862068966 
0.689655172413793 0.172413793103448 0.0 0.0689655172413793 0.0 0.0 0.0 1.0 0.0 0.0 0.0 0.0 0.275862068965517 0.310344827586207 
0.0689655172413793 0.137931034482759 1.0 0.0 0.0 1.0 0.482758620689655 0.0 0.0 1.0 0.96551724137931 0.0689655172413793 0.379310344827586 0.137931034482759 

> prd-PD
0.181818181818182 0.136363636363636 0.0909090909090909 0.0 0.0 0.0 0.0 1.0 0.0 0.0 0.0 0.0 0.0 0.0 0.761904761904762 0.0909090909090909 0.409090909090909 
0.0909090909090909 0.318181818181818 0.272727272727273 0.904761904761905 0.0 0.0 1.0 0.0 1.0 0.0 0.333333333333333 0.0 0.181818181818182 0.333333333333333 0.0 0.545454545454545 0.272727272727273 
0.318181818181818 0.318181818181818 0.0 0.0952380952380952 1.0 0.0 0.0 0.0 0.0 1.0 0.666666666666667 0.0 0.0 0.666666666666667 0.238095238095238 0.181818181818182 0.227272727272727 
0.409090909090909 0.227272727272727 0.636363636363636 0.0 0.0 1.0 0.0 0.0 0.0 0.0 0.0 1.0 0.818181818181818 0.0 0.0 0.181818181818182 0.0909090909090909 

> pros
0.0 0.8 0.0666666666666667 0.133333333333333 0.266666666666667 0.0666666666666667 0.0 
1.0 0.0 0.333333333333333 0.266666666666667 0.133333333333333 0.933333333333333 0.2 
0.0 0.0 0.0 0.4 0.266666666666667 0.0 0.0 
0.0 0.2 0.6 0.2 0.333333333333333 0.0 0.8 

> Rel
0.06 0.0 0.0 0.0 1.0 0.55 0.06 0.03 0.48 0.0 0.19 
0.13 0.0 0.0 0.0 0.0 0.1 0.2 0.81 0.52 0.94 0.39 
0.71 1.0 1.0 1.0 0.0 0.03 0.16 0.0 0.0 0.0 0.23 
0.1 0.0 0.0 0.0 0.0 0.32 0.58 0.16 0.0 0.06 0.19 

> retn
0.214285714285714 0.214285714285714 0.5 1.0 0.0238095238095238 0.0238095238095238 0.880952380952381 0.666666666666667 0.214285714285714 0.285714285714286 
0.166666666666667 0.357142857142857 0.0 0.0 0.0 0.0 0.0 0.119047619047619 0.119047619047619 0.261904761904762 
0.166666666666667 0.166666666666667 0.5 0.0 0.0 0.0 0.119047619047619 0.142857142857143 0.142857142857143 0.238095238095238 
0.452380952380952 0.261904761904762 0.0 0.0 0.976190476190476 0.976190476190476 0.0 0.0714285714285714 0.523809523809524 0.214285714285714 

> sd
1.0 0.25 1.0 0.5 1.0 0.0 0.25 0.0 0.5 
0.0 0.25 0.0 0.5 0.0 0.0 0.25 0.5 0.0 
0.0 0.25 0.0 0.0 0.0 0.0 0.25 0.0 0.0 
0.0 0.25 0.0 0.0 0.0 1.0 0.25 0.5 0.5 

> shn-ZFP1
0.0 0.0 0.0 1.0 0.47 0.0 0.0 0.0 0.0 0.0 0.0 0.07 
0.0 0.0 0.0 0.0 0.13 0.93 0.0 0.0 0.07 1.0 1.0 0.8 
1.0 1.0 0.8 0.0 0.0 0.0 1.0 0.07 0.0 0.0 0.0 0.0 
0.0 0.0 0.2 0.0 0.4 0.07 0.0 0.93 0.93 0.0 0.0 0.13 

> shn-ZFP2
0.11 0.06 0.0 0.0 0.89 0.56 0.39 0.17 0.0 0.0 0.17 
0.06 0.0 0.0 0.0 0.11 0.33 0.11 0.0 1.0 0.94 0.77 
0.83 0.94 1.0 1.0 0.0 0.0 0.06 0.06 0.0 0.0 0.0 
0.0 0.0 0.0 0.0 0.0 0.11 0.44 0.77 0.0 0.06 0.06 

> slbo
0.0 1.0 0.0 0.0 0.0 0.0 0.25 0.25 1.0 1.0 
0.0 0.0 0.0 0.0 0.0 0.5 0.25 0.25 0.0 0.0 
0.5 0.0 0.0 0.0 1.0 0.0 0.25 0.25 0.0 0.0 
0.5 0.0 1.0 1.0 0.0 0.5 0.25 0.25 0.0 0.0 

> sna
0.318181818181818 0.36 0.448275862068966 0.710526315789474 0.0 0.975 0.075 0.05 0.0 0.0 0.0810810810810811 0.5625 0.233333333333333 
0.272727272727273 0.2 0.0689655172413793 0.0 0.975 0.0 0.0 0.0 0.0 0.0 0.513513513513513 0.25 0.366666666666667 
0.318181818181818 0.16 0.448275862068966 0.210526315789474 0.025 0.0 0.925 0.95 0.0 0.925 0.0810810810810811 0.0625 0.233333333333333 
0.0909090909090909 0.28 0.0344827586206897 0.0789473684210526 0.0 0.025 0.0 0.0 1.0 0.075 0.324324324324324 0.125 0.166666666666667 

> srp
0.09 0.19 0.0 1.0 0.0 1.0 0.97 0.0 0.47 0.19 
0.13 0.44 0.0 0.0 0.0 0.0 0.0 0.35 0.09 0.34 
0.5 0.0 1.0 0.0 0.0 0.0 0.03 0.56 0.41 0.19 
0.28 0.37 0.0 0.0 1.0 0.0 0.0 0.09 0.03 0.28 

> Stat92E
0.25 0.25 0.4 0.166666666666667 0.3 0.0666666666666667 0.0 0.0 0.0 0.0666666666666667 0.133333333333333 0.1 0.0 1.0 1.0 1.0 0.137931034482759 0.25 0.192307692307692 0.230769230769231 0.346153846153846 
0.178571428571429 0.25 0.2 0.233333333333333 0.166666666666667 0.0 0.0 0.0 1.0 0.7 0.466666666666667 0.133333333333333 0.0 0.0 0.0 0.0 0.275862068965517 0.214285714285714 0.307692307692308 0.307692307692308 0.115384615384615 
0.321428571428571 0.285714285714286 0.166666666666667 0.3 0.2 0.0 0.0 0.0 0.0 0.133333333333333 0.366666666666667 0.666666666666667 1.0 0.0 0.0 0.0 0.172413793103448 0.321428571428571 0.307692307692308 0.0769230769230769 0.269230769230769 
0.25 0.214285714285714 0.233333333333333 0.3 0.333333333333333 0.933333333333333 1.0 1.0 0.0 0.1 0.0333333333333333 0.1 0.0 0.0 0.0 0.0 0.413793103448276 0.214285714285714 0.192307692307692 0.384615384615385 0.269230769230769 

> Su(H)
0.5 0.0 0.0 0.5 0.0 1.0 0.5 
0.0 0.0 0.0 0.0 0.0 0.0 0.0 
0.5 0.0 1.0 0.5 1.0 0.0 0.5 
0.0 1.0 0.0 0.0 0.0 0.0 0.0 

> TFAM
0.0 0.0 1.0 0.0 0.0 
0.0 0.0 0.0 0.0 0.818181818181818 
0.0 0.0 0.0 0.0 0.181818181818182 
1.0 1.0 0.0 1.0 0.0 

> tin
0.0 1.0 0.0 0.0 0.0 0.5 1.0 
1.0 0.0 1.0 0.0 0.0 0.0 0.0 
0.0 0.0 0.0 0.0 0.0 0.5 0.0 
0.0 0.0 0.0 1.0 1.0 0.0 0.0 

> tll
0.0 0.0 1.0 1.0 0.0 0.0 0.0 
0.0 0.0 0.0 0.0 0.0 0.0 0.0 
0.0 0.0 0.0 0.0 0.0 0.0 0.0 
1.0 1.0 0.0 0.0 1.0 1.0 1.0 

> Ubx
0.416666666666667 0.133333333333333 0.268292682926829 0.458333333333333 0.37037037037037 0.140350877192982 0.0338983050847458 0.283783783783784 0.931818181818182 0.0113636363636364 0.0697674418604651 0.962025316455696 0.516129032258065 0.218181818181818 0.133333333333333 0.170731707317073 0.117647058823529 0.266666666666667 0.259259259259259 
0.291666666666667 0.5 0.170731707317073 0.0833333333333333 0.203703703703704 0.298245614035088 0.694915254237288 0.554054054054054 0.0340909090909091 0.0227272727272727 0.0348837209302326 0.0 0.129032258064516 0.290909090909091 0.4 0.48780487804878 0.411764705882353 0.266666666666667 0.444444444444444 
0.125 0.166666666666667 0.341463414634146 0.229166666666667 0.314814814814815 0.403508771929825 0.0508474576271186 0.0540540540540541 0.0340909090909091 0.0 0.0348837209302326 0.0 0.209677419354839 0.327272727272727 0.2 0.170731707317073 0.205882352941176 0.166666666666667 0.148148148148148 
0.166666666666667 0.2 0.219512195121951 0.229166666666667 0.111111111111111 0.157894736842105 0.220338983050847 0.108108108108108 0.0 0.965909090909091 0.86046511627907 0.0379746835443038 0.145161290322581 0.163636363636364 0.266666666666667 0.170731707317073 0.264705882352941 0.3 0.148148148148148 

> usp
0.03 0.05 0.0 0.0 0.0 0.0 0.95 0.11 0.13 
0.03 0.0 0.0 0.0 0.0 0.94 0.0 0.68 0.24 
0.94 0.95 1.0 1.0 0.0 0.03 0.05 0.05 0.55 
0.0 0.0 0.0 0.0 1.0 0.03 0.0 0.16 0.08 

> vnd
0.257425742574257 0.28 0.17 0.17 0.0776699029126214 0.861386138613861 1.0 0.0 0.025 0.18 0.0 0.11 0.198019801980198 0.158415841584158 
0.227722772277228 0.16 0.16 0.02 0.359223300970874 0.0148514851485149 0.0 0.025 0.04 0.02 0.262626262626263 0.33 0.198019801980198 0.198019801980198 
0.257425742574257 0.16 0.4 0.1 0.184466019417476 0.108910891089109 0.0 0.96 0.025 0.7 0.595959595959596 0.23 0.257425742574257 0.376237623762376 
0.257425742574257 0.4 0.27 0.71 0.378640776699029 0.0148514851485149 0.0 0.015 0.91 0.1 0.141414141414141 0.33 0.346534653465347 0.267326732673267 

> zen
0.0 0.0 1.0 0.5 0.0 0.0 1.0 1.0 0.5 0.0 
0.0 1.0 0.0 0.0 0.0 0.0 0.0 0.0 0.5 0.0 
0.0 0.0 0.0 0.0 0.0 0.0 0.0 0.0 0.0 0.0 
1.0 0.0 0.0 0.5 1.0 1.0 0.0 0.0 0.0 1.0 

