84263
832
34
5660
80318
160897
2247
10052
87
441024
79095
359948
7019
4925
388
151987
23300
253559
25820
5154
826
26092
2771
51065
2258
55711
79074
93986
51279
202018
221079
800
50640
1629
6249
10124
55031
6660
6051
253635
7381
80705
1975
10891
401152
10020
7422
1432
81579
9194
142891
10093
10216
847
5346
285282
55341
23318
5605
10628
5525
160518
894
64393
4116
55425
5001
9749
163049
128989
80310
54587
151050
8725
6586
2690
4175
55589
2252
537
2589
8864
9863
390
57509
54931
55968
84899
11103
8496
1909
4921
2776
81573
6230
3203
54764
143384
49855
3983
2321
11213
22936
10513
285382
54434
284695
51283
9360
1837
1173
80321
3643
54985
89122
165324
284370
6198
26235
9530
55023
23499
23276
26046
8826
79974
4528
6430
5793
55683
63898
1998
10009
6745
55285
3068
6871
7405
9702
10352
9262
4301
9743
5781
285855
8322
79772
5494
3839
4841
83479
119385
84668
9886
23350
56985
387263
3428
124808
84883
7168
7748
11214
23637
4774
4300
129401
25814
26100
84159
4089
7165
23607
1810
6146
5711
4507
9411
4299
3627
54808
9812
25828
81627
1063
873
114885
25849
8682
54829
27332
4287
55331
135114
152815
7204
523
80315
2820
8436
1938
4054
55680
7335
9693
5130
4121
54776
63897
4850
10181
124801
9014
121536
6672
23008
1317
1386
9761
27314
5311
10260
5930
339175
5189
9101
51430
7915
54495
80146
10081
1639
57466
80012
151195
3300
8766
23469
989
5238
84919
6619
55691
5000
145482
5862
201562
122773
10735
89796
22835
1730
10518
7067
166929
4927
79602
284
7070
1452
7126
7799
25836
7127
57461
191
123169
8723
8545
3572
79736
10007
138639
8030
25957
55727
23647
85444
6015
205564
5223
22879
79858
92521
79649
9166
23037
5898
23376
10153
132864
8895
56995
9948
256471
10139
9818
65056
54014
10910
4170
84722
2182
23429
8665
26272
663
8672
116159
23378
8738
55605
132949
6599
1836
6787
23386
1499
27125
56987
4211
81846
3597
7707
10190
3712
5332
26523
64853
51131
5886
122553
51569
23299
2982
8546
4134
7581
100101467
147657
285761
25937
55973
10724
56946
54904
28996
10947
22902
154796
9522
4092
55795
152137
23414
84864
283742
2801
22875
60313
25896
192669
1948
64795
51773
254251
91452
84817
56986
9891
10238
79689
168850
11264
51535
54065
6646
115825
3480
9887
57805
8476
149837
54558
10771
93487
23435
57396
79364
1362
8874
81608
81609
178
29066
7879
10589
9204
23197
728613
55958
65986
9205
79577
23597
54058
3751
64856
6422
1182
1488
221016
79596
121441
80114
51496
79707
1756
54741
11137
55599
10780
11218
1808
10411
388536
79634
23253
246126
7528
10087
23523
4863
114825
133015
3482
692157
6812
27130
22803
204851
167691
2100
6938
23137
54625
79031
58517
9509
7536
7917
57621
5073
5108
170463
55207
54874
8743
25976
11108
53944
26118
115294
51246
345778
8450
51377
54788
2778
84890
55183
56900
4763
10314
84937
55105
219793
23759
22992
80817
6655
7531
30011
79871
84928
10270
2241
7994
2145
9217
57507
8065
8284
9960
9804
57551
57148
6294
9723
3910
4752
5599
6910
26043
7750
10890
5978
285349
1021
51135
14
3488
83605
1983
3998
80010
22847
164
134430
8648
140460
57534
5090
84365
8837
2553
8925
2967
29766
4361
51747
83737
7514
8411
84656
27067
8540
6934
2130
80772
29994
25936
60677
91137
375748
256051
23042
64710
1824
57222
23085
79712
25948
220988
2923
202181
113791
9510
57556
4548
6935
55193
114908
56894
9320
7078
91860
57336
159013
3191
57003
3920
253959
7072
51742
55970
1200
55930
50862
7913
84295
1140
9617
6018
94032
10631
10329
133619
117246
284702
9926
23301
23116
9373
7559
51100
10150
8493
3688
118987
55435
4254
23112
162394
22829
200933
56288
163087
54816
56886
23524
8481
388566
8720
11215
55588
54919
55233
134553
166
9774
114882
23405
10199
3093
10097
824
55322
55198
149986
51306
6238
9147
80017
79839
81839
64841
59269
84902
26099
4311
135152
5565
25800
6717
23471
23143
2059
50618
116228
83876
285203
9849
7443
26135
221477
9249
84146
23075
27161
23190
---
3930
23262
3344
10659
5218
55075
5412
81602
23065
93663
84450
145508
29761
64062
51596
55705
9736
23181
55745
2078
54462
83640
6335
444
54680
81614
55082
6601
23518
23236
831
118
4683
224
5529
27297
51122
55361
80222
80344
9100
1355
50809
55696
81577
10000
23184
79862
10051
10885
6002
54861
55854
252884
4090
10927
84946
169792
23741
130074
23332
79633
23063
7979
57209
26060
8603
51719
51663
8573
4154
55870
84804
51230
51426
7099
1787
9731
55132
51768
90139
56160
7175
260425
10915
5936
5049
54482
6885
55308
4149
1465
55798
57700
55297
57532
374986
373156
29035
57590
55636
80216
64755
10611
10492
54876
7414
80184
7532
646982
9202
7398
26064
5295
23244
64839
23041
9792
6652
207063
55243
23636
51465
55757
121274
3490
89978
22837
375248
552889
6433
64771
1486
9908
25923
7332
8243
10296
113251
84328
23131
64582
7048
55578
23683
1654
79868
253461
8161
144108
10010
7431
5985
3275
2802
387119
56888
79654
54739
26058
51105
57602
7570
4734
80031
132320
286144
51134
23590
55885
57498
6782
2135
100101267
65981
57107
64746
25850
64324
57679
79184
94104
7587
23032
27236
4087
10989
55275
6772
10075
5976
367
3840
79768
389834
25932
84307
25938
161779
25917
10926
2071
5378
84190
10592
23095
8338
26258
7174
57326
4302
6595
10265
1893
10893
54856
80124
54834
1315
8658
8829
5514
157680
5257
1122
10634
11059
3192
54819
84067
56913
10826
54464
11228
55915
5527
54806
7586
9988
57456
79158
5925
23586
83666
7150
440248
51474
84726
7182
27336
6103
728621
400657
57584
55632
81873
4915
488
26130
10146
7404
596
6836
81603
55320
64864
9813
65117
57650
3554
23269
8650
9667
6596
55088
27107
3609
5576
8505
6095
57459
65125
11060
1121
253260
996
79813
222166
9372
8082
51209
51755
22883
4780
2113
56928
22985
54877
57561
8881
5591
3276
22823
9805
283149
5156
54873
2963
6256
4784
51362
100289455
116143
55052
3098
257194
950
112840
197131
23060
9877
287
6093
1981
2965
54875
23195
55610
8821
9839
27346
84498
55814
59345
29997
140707
57630
2932
143684
114803
55740
100192204
5834
51390
54799
192670
10730
54664
23271
9648
23215
56899
166647
7322
200576
100191039
55904
163051
29099
343099
319103
23384
29969
55728
55142
6711
133418
5253
222068
5906
80205
55109
5786
4811
11234
9922
4026
79718
259230
158431
23224
1788
3709
7874
57708
546
9786
10111
256356
54793
9043
7468
26747
4194
84957
55084
115548
9261
195827
10914
22984
50717
10043
9354
57157
55660
22925
7678
9563
23172
91775
11073
1660
4139
11051
56957
83932
54726
3837
124411
58491
8125
1108
100130613
56970
79876
23198
120103
4646
114799
57645
654466
80267
144811
90268
80173
143279
9459
134728
3213
10746
23196
91801
29123
6734
23451
57489
153642
57381
3423
118426
64061
145483
10464
5469
23325
25778
142
26995
91612
2332
60559
54108
54925
94239
8073
8508
55729
1910
259282
7010
7881
57187
9857
8570
51741
